Dates,Active-Count,CPU-Utilization,Total-Memory-Usage,Average-Temperature
09-08-2018 00:00,8112,17,42.214412,35.45454545
09-08-2018 00:15,8095,15,42.27149756,35.54545455
09-08-2018 00:30,8180,15,42.15955987,34.27272727
09-08-2018 00:45,8248,16,42.15566605,34.72727273
09-08-2018 01:00,8453,14,42.15216725,34
09-08-2018 01:15,8620,15,42.20882521,34.72727273
09-08-2018 01:30,8837,17,42.1513772,35.36363636
09-08-2018 01:45,9031,17,42.25928436,35.27272727
09-08-2018 02:00,9264,17,42.14680619,34.72727273
09-08-2018 02:15,9508,18,42.26125075,33.90909091
09-08-2018 02:30,9754,20,42.26057357,33.72727273
09-08-2018 02:45,9996,20,42.19110549,33.63636364
09-08-2018 03:00,10262,19,42.1669525,33.54545455
09-08-2018 03:15,10489,21,42.19669228,33.54545455
09-08-2018 03:30,10958,22,42.12220174,33.54545455
09-08-2018 03:45,11568,27,42.17112848,35.72727273
09-08-2018 04:00,12263,27,42.11520414,35.09090909
09-08-2018 04:15,13091,28,42.11520414,35.09090909
09-08-2018 04:30,13956,31,42.11520414,35.27272727
09-08-2018 04:45,14735,34,42.17699743,35.72727273
09-08-2018 05:00,15393,33,42.20560857,35.45454545
09-08-2018 05:15,15662,33,42.26068643,35.81818182
09-08-2018 05:30,15943,35,42.51491363,37.27272727
09-08-2018 05:45,16004,37,42.4206718,35
09-08-2018 06:00,16060,35,42.24381319,34.18181818
09-08-2018 06:15,16212,35,42.20628576,36.27272727
09-08-2018 06:30,16304,38,42.47653971,34.18181818
09-08-2018 06:45,16343,38,42.47653971,34.18181818
09-08-2018 07:00,16290,34,42.35250167,35.45454545
09-08-2018 07:15,16312,35,42.35131659,35.45454545
09-08-2018 07:30,16316,36,42.45413612,35.18181818
09-08-2018 07:45,16255,34,42.24183807,35.27272727
09-08-2018 08:00,16201,33,42.17197496,33.81818182
09-08-2018 08:15,16149,35,42.14505679,33.45454545
09-08-2018 08:30,16082,34,42.13879281,34.81818182
09-08-2018 08:45,16145,37,42.14643495,35.54545455
09-08-2018 09:00,16131,32,42.24959312,35.45454545
09-08-2018 09:15,16093,35,42.23667014,35.63636364
09-08-2018 09:30,16115,27,42.38153175,32.63636364
09-08-2018 09:45,16212,17,42.25636499,33.72727273
09-08-2018 10:00,16251,29,42.22544012,33.45454545
09-08-2018 10:15,16308,29,42.20726893,33
09-08-2018 10:30,16325,29,42.20405229,33.72727273
09-08-2018 10:45,16309,30,42.40596692,34.27272727
09-08-2018 11:00,16198,28,42.2628547,35
09-08-2018 11:15,16112,30,42.29830934,33.27272727
09-08-2018 11:30,15984,32,42.56949469,33.72727273
09-08-2018 11:45,15719,32,42.48840015,33.36363636
09-08-2018 12:00,15359,28,42.29071459,33.63636364
09-08-2018 12:15,14838,28,42.29071459,33.64
09-08-2018 12:30,14456,27,42.29071459,35.63636364
09-08-2018 12:45,14456,27,42.14949489,34.90909091
09-08-2018 13:00,14456,27,42.10722644,34.27272727
09-08-2018 13:15,14456,25,42.10745217,35.54545455
09-08-2018 13:30,13080,25,42.11128963,35.36363636
09-08-2018 13:45,13260,28,42.1208359,35.90909091
09-08-2018 14:00,13214,26,42.12783368,35.36363636
09-08-2018 14:15,13080,26,42.1261971,35.81818182
09-08-2018 14:30,12969,27,42.13274341,33.36363636
09-08-2018 14:45,12815,26,42.13844322,33.81818182
09-08-2018 15:00,12697,27,42.14498953,34.90909091
09-08-2018 15:15,12605,26,42.14645681,33.72727273
09-08-2018 15:30,12445,26,42.14600534,33.72727273
09-08-2018 15:45,12250,24,42.1456103,33.09090909
09-08-2018 16:00,12076,25,42.14295792,34.09090909
09-08-2018 16:15,11858,20,42.14115204,34.09090909
09-08-2018 16:30,11680,23,42.13274341,35.09090909
09-08-2018 16:45,11404,21,42.13003459,35.18181818
09-08-2018 17:00,11090,21,42.12348828,34.90909091
09-08-2018 17:15,10682,21,42.12038443,35.18181818
09-08-2018 17:30,10316,21,42.11084713,35
09-08-2018 17:45,9924,18,42.11208867,34.81818182
09-08-2018 18:00,9650,18,42.11880428,33.27272727
09-08-2018 18:15,9365,18,42.12038443,35.36363636
09-08-2018 18:30,9104,17,42.1305425,34.63636364
09-08-2018 18:45,8951,17,42.1543011,35.18181818
09-08-2018 19:00,8819,15,42.17416577,35.09090909
09-08-2018 19:15,8705,15,42.17676172,35
09-08-2018 19:30,8610,15,42.1889514,33.54545455
09-08-2018 19:45,8558,15,42.19589275,34.63636364
09-08-2018 20:00,8492,15,42.19606205,34
09-08-2018 20:15,8468,17,42.20102822,34.90909091
09-08-2018 20:30,8336,16,42.20102822,35.09090909
09-08-2018 20:45,8332,17,42.21225853,34.81818182
09-08-2018 21:00,8320,15,42.21553169,34.18181818
09-08-2018 21:15,8276,14,42.21874841,34.09090909
09-08-2018 21:30,8267,15,42.22100576,33.09090909
09-08-2018 21:45,8233,14,42.22337598,34.27272727
09-08-2018 22:00,8217,14,42.22264234,34.18181818
09-08-2018 22:15,8197,15,42.22213444,34.18181818
09-08-2018 22:30,8178,16,42.2210622,34.72727273
09-08-2018 22:45,8165,15,42.22168297,34.09090909
09-08-2018 23:00,8152,16,42.2217394,34.72727273
09-08-2018 23:15,8177,15,42.22298094,35
09-08-2018 23:30,8164,16,42.22303738,34.90909091
09-08-2018 23:45,8175,16,42.22128793,35.09090909
10-08-2018 00:00,8188,16,42.2210622,35.09090909
10-08-2018 00:15,8266,17,42.21948205,34.81818182
10-08-2018 00:30,8330,17,42.21936918,33
10-08-2018 00:45,8489,16,42.21790191,35
10-08-2018 01:00,8676,15,42.22078003,34.36363636
10-08-2018 01:15,8865,16,42.21575743,34.90909091
10-08-2018 01:30,9011,17,42.21587029,34.63636364
10-08-2018 01:45,9216,18,42.21208923,33.63636364
10-08-2018 02:00,9358,18,42.20480928,33.54545455
10-08-2018 02:15,9593,18,42.1974729,33.18181818
10-08-2018 02:30,9897,20,42.19702143,33.72727273
10-08-2018 02:45,10051,20,42.1932968,34.63636364
10-08-2018 03:00,10289,21,42.17698745,35
10-08-2018 03:15,10593,23,42.17647955,35.27272727
10-08-2018 03:30,10971,21,42.168861,34.54545455
10-08-2018 03:45,11614,21,42.16293546,35.18181818
10-08-2018 04:00,12271,26,42.15243878,35.36363636
10-08-2018 04:15,13196,29,42.14781122,35.27272727
10-08-2018 04:30,13940,30,42.14611821,36.18181818
10-08-2018 04:45,14767,32,42.24324065,34.45454545
10-08-2018 05:00,15338,31,42.3274962,34.18181818
10-08-2018 05:15,15707,34,42.43942824,35.54545455
10-08-2018 05:30,15895,32,42.32292507,34.18181818
10-08-2018 05:45,16042,35,42.36288015,34.81818182
10-08-2018 06:00,16176,39,42.39572458,35.27272727
10-08-2018 06:15,16311,37,42.47565871,32.81818182
10-08-2018 06:30,16281,35,42.45776921,34
10-08-2018 06:45,16299,32,42.35201234,35.36363636
10-08-2018 07:00,16349,28,42.34868275,34.36363636
10-08-2018 07:15,16268,31,42.23293711,33.45454545
10-08-2018 07:30,16112,32,42.2573165,33
10-08-2018 07:45,16112,29,42.2267294,33.27272727
10-08-2018 08:00,16112,29,42.14078078,35.27272727
10-08-2018 08:15,16112,32,42.14913298,35.18181818
10-08-2018 08:30,15799,30,42.16183058,36.36363636
10-08-2018 08:45,15799,29,42.169562,36
10-08-2018 09:00,15799,28,42.16064547,32.81818182
10-08-2018 09:15,15799,30,42.34388588,35.27272727
10-08-2018 09:30,15986,32,42.26092826,33.36363636
10-08-2018 09:45,15986,30,42.2626777,33
10-08-2018 10:00,15995,31,42.34512742,33.36363636
10-08-2018 10:15,16043,32,42.34780371,35.54545455
10-08-2018 10:30,15946,31,42.38341343,34.36363636
10-08-2018 10:45,15880,61,42.3542936,33.09090909
10-08-2018 11:00,15927,32,42.33612192,33.81818182
10-08-2018 11:15,15823,32,42.31625722,34.09090909
10-08-2018 11:30,15715,29,42.24972178,35.36363636
10-08-2018 11:45,15493,29,42.27139236,33.09090909
10-08-2018 12:00,15168,41,42.14774592,32.90909091
10-08-2018 12:15,14565,48,42.1118867,34.27272727
10-08-2018 12:30,14156,44,42.09941484,34.81818182
10-08-2018 12:45,13794,27,42.09743966,33
10-08-2018 13:00,13616,23,42.11290251,33.45454545
10-08-2018 13:15,13401,26,42.11318468,34.09090909
10-08-2018 13:30,13269,26,42.1202389,34
10-08-2018 13:45,13099,26,42.1251904,34
10-08-2018 14:00,13040,23,42.1275042,34.09090909
10-08-2018 14:15,12886,24,42.1273349,34.90909091
10-08-2018 14:30,12763,22,42.12852002,34.54545455
10-08-2018 14:45,12598,25,42.1314546,33.54545455
10-08-2018 15:00,12471,22,42.12710916,34.90909091
10-08-2018 15:15,12323,21,42.12722203,35.90909091
10-08-2018 15:30,12203,21,42.12710916,35.63636364
10-08-2018 15:45,11988,17,42.12078852,36.09090909
10-08-2018 16:00,11785,18,42.12016775,36
10-08-2018 16:15,11613,18,42.12473892,33.81818182
10-08-2018 16:30,11451,19,42.12812498,35.63636364
10-08-2018 16:45,11191,22,42.1876067,34.72727273
10-08-2018 17:00,10903,21,42.13111599,35.63636364
10-08-2018 17:15,10504,18,42.13168034,35.63636364
10-08-2018 17:30,10228,20,42.12124,35.09090909
10-08-2018 17:45,9839,21,42.12253798,35.09090909
10-08-2018 18:00,9523,18,42.12112713,34.72727273
10-08-2018 18:15,9233,18,42.13060808,34.27272727
10-08-2018 18:30,8997,16,42.14849775,35
10-08-2018 18:45,8847,15,42.15521343,34.09090909
10-08-2018 19:00,8687,15,42.16762897,33.72727273
10-08-2018 19:15,8594,16,42.18027024,33.54545455
10-08-2018 19:30,8500,15,42.19291152,33.72727273
10-08-2018 19:45,8403,15,42.19505602,33.63636364
10-08-2018 20:00,8365,13,42.2001351,34
10-08-2018 20:15,8281,15,42.20549636,34.90909091
10-08-2018 20:30,8266,14,42.20566566,34.90909091
10-08-2018 20:45,8243,14,42.20730226,33.72727273
10-08-2018 21:00,8224,14,42.20702008,35.27272727
10-08-2018 21:15,8188,14,42.20718939,35.36363636
10-08-2018 21:30,8163,12,42.20724582,35.81818182
10-08-2018 21:45,8163,12,42.20527062,35.63636364
10-08-2018 22:00,8133,13,42.20814877,34.54545455
10-08-2018 22:15,8110,14,42.20809234,35.72727273
10-08-2018 22:30,8098,16,42.20673791,34.90909091
10-08-2018 22:45,8095,14,42.20841702,35.45454545
10-08-2018 23:00,8100,15,42.21767233,33.36363636
10-08-2018 23:15,8103,14,42.21919606,34.18181818
10-08-2018 23:30,8069,14,42.21846241,34.45454545
10-08-2018 23:45,8100,14,42.21846241,34.45454545
11-08-2018 00:00,8121,14,42.21846241,34.45454545
11-08-2018 00:15,8127,15,42.21885746,33.72727273
11-08-2018 00:30,8197,16,42.21868815,33
11-08-2018 00:45,8358,16,42.21823667,33.54545455
11-08-2018 01:00,8537,17,42.21784163,34.09090909
11-08-2018 01:15,8689,15,42.21400406,35.09090909
11-08-2018 01:30,8854,17,42.21377833,35.27272727
11-08-2018 01:45,9047,17,42.20819128,34.27272727
11-08-2018 02:00,9261,18,42.20316859,35.36363636
11-08-2018 02:15,9425,17,42.20266067,35.36363636
11-08-2018 02:30,9626,17,42.1945905,35.45454545
11-08-2018 02:45,9831,17,42.19538059,35.90909091
11-08-2018 03:00,10051,19,42.19419546,33.45454545
11-08-2018 03:15,10303,18,42.19425189,35.45454545
11-08-2018 03:30,10640,20,42.19086581,34.81818182
11-08-2018 03:45,11097,23,42.16936415,35.54545455
11-08-2018 04:00,11647,21,42.16496224,34.72727273
11-08-2018 04:15,12210,22,42.16033459,34.63636364
11-08-2018 04:30,12687,26,42.15644059,34.81818182
11-08-2018 04:45,13173,29,42.1501199,34.72727273
11-08-2018 05:00,13522,26,42.15339311,35.09090909
11-08-2018 05:15,13780,62,42.15527925,36.27272727
11-08-2018 05:30,13966,43,42.32097185,34
11-08-2018 05:45,14053,42,42.41836122,34.36363636
11-08-2018 06:00,14208,50,42.14380525,35.36363636
11-08-2018 06:15,14323,27,42.21389744,35.09090909
11-08-2018 06:30,14357,28,42.20889855,33.72727273
11-08-2018 06:45,14329,28,42.13547666,35.09090909
11-08-2018 07:00,14117,26,42.23265768,33.63636364
11-08-2018 07:15,14086,24,42.23525368,35
11-08-2018 07:30,14017,26,42.13310639,34.90909091
11-08-2018 07:45,13848,27,42.12960742,35.54545455
11-08-2018 08:00,13752,23,42.11826399,34.81818182
11-08-2018 08:15,13594,27,42.11420067,35.18181818
11-08-2018 08:30,13795,25,42.20889855,34.18181818
11-08-2018 08:45,13720,29,42.10545325,35.18181818
11-08-2018 09:00,13630,22,42.10043054,35.72727273
11-08-2018 09:15,13469,23,42.10043054,35.54545455
11-08-2018 09:30,13563,21,42.11120962,35.90909091
11-08-2018 09:45,13605,21,42.1163452,33
11-08-2018 10:00,13521,22,42.19371755,35.36363636
11-08-2018 10:15,13509,21,42.18773544,34.18181818
11-08-2018 10:30,13543,25,42.24479119,36.09090909
11-08-2018 10:45,13569,22,42.2830541,34.36363636
11-08-2018 11:00,13543,22,42.21025299,33.27272727
11-08-2018 11:15,13555,23,42.36815804,35.72727273
11-08-2018 11:30,13495,23,42.27080771,34.27272727
11-08-2018 11:45,13461,23,42.16516145,34.09090909
11-08-2018 12:00,13277,22,42.16482284,35.09090909
11-08-2018 12:15,13277,21,42.07351106,36.90909091
11-08-2018 12:30,13070,23,42.07068931,34.18181818
11-08-2018 12:45,12855,23,42.06882696,34.45454545
11-08-2018 13:00,12722,21,42.06363494,35.18181818
11-08-2018 13:15,12605,19,42.06640026,34.90909091
11-08-2018 13:30,12576,21,42.06927844,35.36363636
11-08-2018 13:45,12502,23,42.07218037,35.63636364
11-08-2018 14:00,12474,21,42.07295531,34.45454545
11-08-2018 14:15,12413,22,42.13232547,33.72727273
11-08-2018 14:30,12352,21,42.07509986,33.27272727
11-08-2018 14:45,12245,21,42.07668006,33
11-08-2018 15:00,12101,20,42.07803451,35.18181818
11-08-2018 15:15,11990,20,42.08412954,35.27272727
11-08-2018 15:30,11882,20,42.1427096,36
11-08-2018 15:45,11704,18,42.08317014,35.81818182
11-08-2018 16:00,11576,19,42.08232361,32.81818182
11-08-2018 16:15,11474,18,42.08480677,35.45454545
11-08-2018 16:30,11290,18,42.08113846,33.63636364
11-08-2018 16:45,11093,18,42.08029193,35.18181818
11-08-2018 17:00,10708,17,42.07075433,34.81818182
11-08-2018 17:15,10407,18,42.06353058,33.72727273
11-08-2018 17:30,10115,16,42.05664545,33.36363636
11-08-2018 17:45,9809,15,42.0537108,32.81818182
11-08-2018 18:00,9524,15,42.05929792,33
11-08-2018 18:15,9200,15,42.05918505,33.36363636
11-08-2018 18:30,8702,12,42.05816921,32.72727273
11-08-2018 18:45,8721,15,42.08649984,34.45454545
11-08-2018 19:00,8643,15,42.0985206,34.18181818
11-08-2018 19:15,8538,12,42.10021366,34.45454545
11-08-2018 19:30,8465,13,42.10839681,33.81818182
11-08-2018 19:45,8356,12,42.11590274,35.09090909
11-08-2018 20:00,8287,12,42.11590274,35.36363636
11-08-2018 20:15,8258,13,42.12397301,33.72727273
11-08-2018 20:30,8187,12,42.12848786,35
11-08-2018 20:45,8164,15,42.12837498,35.27272727
11-08-2018 21:00,8127,12,42.13960565,35.45454545
11-08-2018 21:15,8084,11,42.1427096,35.09090909
11-08-2018 21:30,8054,13,42.14344327,32.81818182
11-08-2018 21:45,7851,12,42.13949278,35.54545455
11-08-2018 22:00,7828,12,42.13819476,34.54545455
11-08-2018 22:15,7780,12,42.13988783,35.09090909
11-08-2018 22:30,7792,14,42.14039575,34.18181818
11-08-2018 22:45,7699,13,42.13802546,33.72727273
11-08-2018 23:00,7679,14,42.14214525,33.36363636
11-08-2018 23:15,7643,14,42.14987691,35.09090909
11-08-2018 23:30,7747,14,42.15010266,35
11-08-2018 23:45,7753,15,42.14987691,35
12-08-2018 00:00,7768,17,42.14891751,33.90909091
12-08-2018 00:15,7792,14,42.14671653,35.09090909
12-08-2018 00:30,7854,15,42.14745019,34.90909091
12-08-2018 00:45,7916,14,42.14745019,35.18181818
12-08-2018 01:00,8124,15,42.14654722,35.36363636
12-08-2018 01:15,8225,13,42.14660365,36
12-08-2018 01:30,8365,15,42.13757397,33.63636364
12-08-2018 01:45,8510,17,42.13785615,35.27272727
12-08-2018 02:00,8660,17,42.13661457,33.09090909
12-08-2018 02:15,8844,17,42.13616309,35.18181818
12-08-2018 02:30,9014,17,42.13559873,34.18181818
12-08-2018 02:45,9207,17,42.13610665,34
12-08-2018 03:00,9344,18,42.13605021,33.45454545
12-08-2018 03:15,9556,17,42.13153537,33.54545455
12-08-2018 03:30,9801,18,42.13181755,33.63636364
12-08-2018 03:45,10006,21,42.19175206,34.81818182
12-08-2018 04:00,10277,20,42.13407497,34.81818182
12-08-2018 04:15,10427,21,42.13057597,34.63636364
12-08-2018 04:30,10388,22,42.11466116,33.72727273
12-08-2018 04:45,10670,21,42.08593548,35.09090909
12-08-2018 05:00,10774,23,42.07978401,35.18181818
12-08-2018 05:15,10866,21,42.07893748,34.45454545
12-08-2018 05:30,11002,23,42.07814738,35
12-08-2018 05:45,11069,23,42.07453551,35.27272727
12-08-2018 06:00,11213,23,42.06906126,36.45454545
12-08-2018 06:15,11254,21,42.06110386,35.63636364
12-08-2018 06:30,11318,22,42.06200682,34
12-08-2018 06:45,11377,21,42.0560811,35.54545455
12-08-2018 07:00,11351,22,42.05687119,34.54545455
12-08-2018 07:15,11424,20,42.06161178,34
12-08-2018 07:30,11497,23,42.06917413,34.90909091
12-08-2018 07:45,11450,22,42.06860978,34.27272727
12-08-2018 08:00,11401,22,42.06144247,33.45454545
12-08-2018 08:15,11296,21,42.05602466,35.27272727
12-08-2018 08:30,11264,22,42.05506526,34.63636364
12-08-2018 08:45,11288,23,42.05692763,33.90909091
12-08-2018 09:00,11221,23,42.05907218,35.27272727
12-08-2018 09:15,11196,22,42.05879,35.36363636
12-08-2018 09:30,11193,21,42.05574248,35.72727273
12-08-2018 09:45,11182,21,42.06076524,35.54545455
12-08-2018 10:00,11078,20,42.06008802,34.63636364
12-08-2018 10:15,11087,21,42.05596822,35.54545455
12-08-2018 10:30,11051,23,42.06031376,35.45454545
12-08-2018 10:45,11022,22,42.05478308,35.18181818
12-08-2018 11:00,10982,23,42.04343954,34.27272727
12-08-2018 11:15,10864,23,42.03203957,35.09090909
12-08-2018 11:30,10691,21,41.99659807,35.45454545
12-08-2018 11:45,10538,20,41.97718425,35.27272727
12-08-2018 12:00,10874,20,41.98378721,34.63636364
12-08-2018 12:15,10859,21,41.9853674,33.63636364
12-08-2018 12:30,10919,22,41.98119117,32.90909091
12-08-2018 12:45,10845,21,41.97402386,34.36363636
12-08-2018 13:00,10864,22,41.9793288,34.45454545
12-08-2018 13:15,10919,21,41.9594635,35.27272727
12-08-2018 13:30,11021,23,41.95647242,34.09090909
12-08-2018 13:45,11052,23,41.95704426,35.09090909
12-08-2018 14:00,11053,21,41.95422246,35.63636364
12-08-2018 14:15,11112,21,41.95055412,35.27272727
12-08-2018 14:30,11086,21,41.94965114,35.45454545
12-08-2018 14:45,11065,22,41.94592636,37.36363636
12-08-2018 15:00,11078,21,41.93887185,34.90909091
12-08-2018 15:15,11080,20,41.93921047,35
12-08-2018 15:30,11105,21,41.93729165,33.54545455
12-08-2018 15:45,10970,21,41.93463915,33.72727273
12-08-2018 16:00,10876,21,41.93469559,35.09090909
12-08-2018 16:15,10839,18,41.9336233,34.27272727
12-08-2018 16:30,10633,21,41.93621936,35.18181818
12-08-2018 16:45,10391,18,41.93373617,35.27272727
12-08-2018 17:00,10017,18,41.90704192,35.81818182
12-08-2018 17:15,9710,18,41.90060821,35.54545455
12-08-2018 17:30,9397,17,41.90196268,33.36363636
12-08-2018 17:45,8961,17,41.88610415,35.36363636
12-08-2018 18:00,8651,15,41.89586758,35.27272727
12-08-2018 18:15,8393,15,41.89772997,35.90909091
12-08-2018 18:30,8260,15,41.91928854,33.63636364
12-08-2018 18:45,8071,15,41.93571144,33.81818182
12-08-2018 19:00,7927,13,41.93621936,33.72727273
12-08-2018 19:15,7860,13,41.95952745,34.54545455
12-08-2018 19:30,7785,15,41.96460669,35.18181818
12-08-2018 19:45,7725,14,41.97493449,35.18181818
12-08-2018 20:00,7690,13,41.97871571,35.72727273
12-08-2018 20:15,7654,13,41.98362564,35.72727273
12-08-2018 20:30,7606,14,41.99316334,32.54545455
12-08-2018 20:45,7596,13,41.99671881,35.36363636
12-08-2018 21:00,7522,14,42.05467863,34.54545455
12-08-2018 21:15,7498,14,41.99869407,35
12-08-2018 21:30,7458,13,41.99959705,33.72727273
12-08-2018 21:45,7459,11,42.00038715,35
12-08-2018 22:00,7462,12,41.9979604,35.36363636
12-08-2018 22:15,7412,12,41.9971703,35.27272727
12-08-2018 22:30,7397,13,41.99762178,34.63636364
12-08-2018 22:45,7391,14,42.05518656,34.54545455
12-08-2018 23:00,7400,15,41.99773466,33.45454545
12-08-2018 23:15,7384,14,41.9979604,32.63636364
12-08-2018 23:30,7362,13,41.99824258,33.54545455
12-08-2018 23:45,7398,13,41.99564652,35.27272727
13-08-2018 00:00,7411,14,41.99959705,35.09090909
13-08-2018 00:15,7400,14,41.99835545,34.81818182
13-08-2018 00:30,7453,15,41.99841189,35.36363636
13-08-2018 00:45,7599,14,41.9971703,35.36363636
13-08-2018 01:00,7726,12,41.99700099,35.36363636
13-08-2018 01:15,7896,15,41.99361483,35.72727273
13-08-2018 01:30,8101,15,41.99011579,32.18181818
13-08-2018 01:45,8263,16,41.98672963,35.18181818
13-08-2018 02:00,8478,16,41.9827791,35.27272727
13-08-2018 02:15,8608,16,41.97905432,35.18181818
13-08-2018 02:30,8866,17,41.97922363,33.63636364
13-08-2018 02:45,9166,17,41.97538598,33.81818182
13-08-2018 03:00,9476,18,41.9751038,35.18181818
13-08-2018 03:15,9746,19,41.97555529,35.18181818
13-08-2018 03:30,10101,20,41.97628896,35.09090909
13-08-2018 03:45,10657,23,42.00083864,33
13-08-2018 04:00,11366,26,41.93881542,33.54545455
13-08-2018 04:15,12169,41,41.945362,33.81818182
13-08-2018 04:30,13610,30,41.95546405,34.18181818
13-08-2018 04:45,13610,31,41.95687496,35.27272727
13-08-2018 05:00,14183,30,42.14418621,35.72727273
13-08-2018 05:15,14545,41,42.07144014,34.27272727
13-08-2018 05:30,14897,54,42.08679075,33.63636364
13-08-2018 05:45,15115,32,42.11924148,34.90909091
13-08-2018 06:00,15102,32,42.12048307,34.63636364
13-08-2018 06:15,15187,31,42.39216622,35.36363636
13-08-2018 06:30,15280,33,42.132899,35.63636364
13-08-2018 06:45,15343,33,42.25871881,36
13-08-2018 07:00,15268,33,42.2338305,34.72727273
13-08-2018 07:15,15337,31,42.15544078,34.90909091
13-08-2018 07:30,15419,31,42.13557528,33.72727273
13-08-2018 07:45,15287,31,42.13557528,33.7
13-08-2018 08:00,15223,31,42.13557528,33.7
13-08-2018 08:15,15123,30,42.11503254,34.90909091
13-08-2018 08:30,15228,28,42.16159231,34.45454545
13-08-2018 08:45,15285,28,42.13151188,33.81818182
13-08-2018 09:00,15285,28,42.10668,34.54545455
13-08-2018 09:15,15285,27,42.12761779,34
13-08-2018 09:30,15285,28,42.28824359,35.45454545
13-08-2018 09:45,15285,27,42.31989553,35.45454545
13-08-2018 10:00,15285,26,42.03353884,36.09090909
13-08-2018 10:15,15285,29,42.2646446,35.27272727
13-08-2018 10:30,15285,28,42.16898544,34.63636364
13-08-2018 10:45,15285,28,42.14832983,34.36363636
13-08-2018 11:00,15285,28,42.20733815,35.27272727
13-08-2018 11:15,15285,27,42.17310527,35.54545455
13-08-2018 11:30,15285,29,42.19370444,34.72727273
13-08-2018 11:45,15285,29,42.24455335,36.54545455
13-08-2018 12:30,13426,26,41.99183257,34.36363636
13-08-2018 12:45,13426,26,41.99160683,34.09090909
13-08-2018 13:00,13069,23,41.9925098,34.36363636
13-08-2018 13:15,12713,26,42.00419207,34.27272727
13-08-2018 13:30,12579,25,42.00870696,35.81818182
13-08-2018 13:45,12410,24,42.01322987,35.36363636
13-08-2018 14:00,12293,23,42.0325312,36.27272727
13-08-2018 14:15,12342,24,42.0354659,35.81818182
13-08-2018 14:30,12227,21,42.03597383,34.81818182
13-08-2018 14:45,12094,21,42.03140247,35.63636364
13-08-2018 15:00,11996,19,42.02807271,35.54545455
13-08-2018 15:15,11857,20,42.02429145,35.54545455
13-08-2018 15:30,11658,20,42.02214686,35.27272727
13-08-2018 15:45,11361,20,42.01960721,35
13-08-2018 16:00,11184,18,42.01153677,34.09090909
13-08-2018 16:15,10949,18,42.00815058,33.09090909
13-08-2018 16:30,10867,18,42.00781196,32.90909091
13-08-2018 16:45,10454,18,42.00882782,35.72727273
13-08-2018 17:00,10131,17,42.00894069,34.81818182
13-08-2018 17:15,9666,17,42.01029517,34.90909091
13-08-2018 17:30,9262,15,41.99900784,34.54545455
13-08-2018 17:45,9047,16,41.99895141,34.18181818
13-08-2018 18:00,8737,15,42.00459507,35.18181818
13-08-2018 18:15,8454,15,42.02762121,35.27272727
13-08-2018 18:30,8245,14,42.03834417,35.45454545
13-08-2018 19:00,7951,11,42.07914785,34.90909091
13-08-2018 19:15,7847,12,42.08727473,35.27272727
13-08-2018 19:30,7766,12,42.0873876,34.90909091
13-08-2018 19:45,7688,12,42.08862921,36.90909091
13-08-2018 20:00,7607,12,42.09737688,33.45454545
13-08-2018 20:15,7570,12,42.10793053,35
13-08-2018 20:30,7567,13,42.11255833,35.18181818
13-08-2018 20:45,7495,13,42.11741188,35.36363636
13-08-2018 21:00,7478,11,42.11763763,34.63636364
13-08-2018 21:15,7462,12,42.1187337,35.45454545
13-08-2018 21:30,7412,11,42.11845151,35.09090909
13-08-2018 21:45,7376,12,42.11816933,35.09090909
13-08-2018 22:00,7368,10,42.12037036,33.63636364
13-08-2018 22:15,7338,12,42.12883586,35
13-08-2018 22:30,7327,11,42.13109332,35
13-08-2018 22:45,7325,12,42.12979528,35.09090909
13-08-2018 23:00,7289,11,42.13064183,32.90909091
13-08-2018 23:15,7278,12,42.13103689,33.27272727
13-08-2018 23:30,7260,14,42.13199631,34.27272727
13-08-2018 23:45,7249,12,42.13154482,35.36363636
14-08-2018 00:00,7273,13,42.13177056,35.18181818
14-08-2018 00:15,7349,12,42.13137551,34.27272727
14-08-2018 00:30,7338,12,42.1301339,33.27272727
14-08-2018 00:45,7458,14,42.12945666,34.36363636
14-08-2018 01:00,7624,11,42.12178128,34.27272727
14-08-2018 01:15,7812,12,42.11890301,34.27272727
14-08-2018 01:30,7986,14,42.11483957,33.72727273
14-08-2018 01:45,7986,15,42.11546037,34.27272727
14-08-2018 02:00,7986,14,42.11354152,34.72727273
14-08-2018 02:15,7986,14,42.10631763,35
14-08-2018 02:30,7986,15,42.10214132,35.45454545
14-08-2018 02:45,7986,14,42.09457881,35.18181818
14-08-2018 03:00,7986,16,42.09548179,33.09090909
14-08-2018 03:15,7986,15,42.08645193,34.81818182
14-08-2018 03:30,7986,18,42.08357366,35.09090909
14-08-2018 03:45,7986,21,42.07667328,35.09090909
14-08-2018 04:00,7986,24,42.07193256,35.27272727
14-08-2018 04:15,7986,25,42.07232762,35.18181818
14-08-2018 04:30,7986,25,42.07023944,35.63636364
14-08-2018 04:45,7986,27,42.06877207,35
14-08-2018 05:00,7986,29,42.17227784,34.63636364
14-08-2018 05:15,7986,34,42.17679281,34.27272727
14-08-2018 05:30,15180,32.66666667,42.17679281,32.72727273
14-08-2018 05:45,15180,31,42.3732812,32.90909091
14-08-2018 06:00,15310,35,42.27513663,33.18181818
14-08-2018 06:15,15376,32,42.30025126,33.09090909
14-08-2018 06:30,15433,32,42.33704842,34.54545455
14-08-2018 06:45,15307,28,42.18280512,33.54545455
14-08-2018 07:00,15392,29,42.16260054,35.18181818
14-08-2018 07:15,15451,30,42.28670629,35.63636364
14-08-2018 07:30,15365,29,42.28670629,33
14-08-2018 07:45,15427,29,42.07552356,35.81818182
14-08-2018 08:00,15284,27,42.07574931,33.09090909
14-08-2018 08:15,15256,26,42.07117787,33.45454545
14-08-2018 08:30,15052,26,42.12118151,33.36363636
14-08-2018 08:45,15067,26,42.07503351,35.72727273
14-08-2018 09:00,15271,27,42.16980685,35.27272727
14-08-2018 09:30,15417,29,42.4465507,33.72727273
14-08-2018 09:45,15483,29,42.30703676,34.63636364
14-08-2018 10:00,15502,33,42.28124474,34.90909091
14-08-2018 10:15,15482,32,42.20194981,34.90909091
14-08-2018 10:30,15508,32,42.12141324,33.72727273
14-08-2018 10:45,15588,30,42.20036955,33.63636364
14-08-2018 11:00,15465,29,42.0927429,33.81818182
14-08-2018 11:15,15327,29,42.182761,33.72727273
14-08-2018 11:30,15300,28,42.17852817,35.18181818
14-08-2018 11:45,15128,26,42.17559341,33.27272727
14-08-2018 12:15,14269,26,42.13145915,34.45454545
14-08-2018 12:30,14269,23,42.11441497,34.09090909
14-08-2018 12:45,14269,21,42.01785011,33.63636364
14-08-2018 13:00,14269,23,42.01926105,35.63636364
14-08-2018 13:15,14269,21,42.01531041,35.36363636
14-08-2018 13:30,14269,20,42.01576191,35.72727273
14-08-2018 13:45,14269,21,42.0286297,35.45454545
14-08-2018 14:00,14269,20,42.03749042,33.18181818
14-08-2018 14:15,14269,21,42.03867561,35.27272727
14-08-2018 14:30,14269,18,42.04815714,35.36363636
14-08-2018 15:00,14269,17,42.04691551,35.36363636
14-08-2018 15:15,14269,18,42.04567388,35
14-08-2018 15:30,14269,18,42.04234406,33.72727273
14-08-2018 15:45,14269,18,42.05769511,35.18181818
14-08-2018 16:00,14269,17,42.06057343,35.45454545
14-08-2018 16:15,14269,15,42.05780798,35.45454545
14-08-2018 16:30,14269,16,42.05763867,35.54545455
14-08-2018 16:45,14269,16,42.05865455,32.90909091
14-08-2018 17:00,14269,16,42.04804427,35.27272727
14-08-2018 17:15,14269,13,42.04573032,34.54545455
14-08-2018 17:30,14269,14,42.03765973,35.27272727
14-08-2018 17:45,14269,12,42.03528935,33.27272727
14-08-2018 18:00,14269,12,42.03715179,34.27272727
14-08-2018 18:15,14269,12,42.04731058,34.54545455
14-08-2018 18:30,14269,12,42.06881333,35.27272727
14-08-2018 18:45,14269,9,42.08134249,34.27272727
14-08-2018 19:00,14269,11,42.08715557,33.36363636
14-08-2018 19:15,14269,11,42.10199868,33
14-08-2018 19:30,14269,10,42.10538494,33
14-08-2018 19:45,14269,10,42.13021752,34
14-08-2018 20:00,14269,10,42.13608704,33.81818182
14-08-2018 20:15,14269,11,42.13699004,33
14-08-2018 20:30,14269,11,42.13715936,33.81818182
14-08-2018 20:45,14269,11,42.14133574,34.54545455
14-08-2018 21:00,14269,10,42.1459072,35.63636364
14-08-2018 21:15,14269,10,42.15352628,35.54545455
14-08-2018 21:30,14269,11,42.15341341,35.27272727
14-08-2018 21:45,14269,12,42.15516298,34
14-08-2018 22:00,14269,9,42.15499366,35.27272727
14-08-2018 22:15,14269,12,42.16075031,35.27272727
14-08-2018 22:30,14269,11,42.1646445,35.27272727
14-08-2018 22:45,14269,11,42.17213647,33.18181818
14-08-2018 23:00,14269,11,42.17157209,33.63636364
14-08-2018 23:15,14269,11,42.17120966,34.54545455
14-08-2018 23:30,14269,15,42.17027401,35.18181818
14-08-2018 23:45,14269,12,42.16677484,35
15-08-2018 00:00,14269,12,42.16654909,34.27272727
15-08-2018 00:15,14269,11,42.16637977,33.36363636
15-08-2018 00:30,14269,12,42.16558964,32.81818182
15-08-2018 00:45,14269,12,42.1655332,34.54545455
15-08-2018 01:00,14269,12,42.16158253,33
15-08-2018 01:15,14269,12,42.15887349,33.27272727
15-08-2018 01:30,14269,13,42.15892993,34.09090909
15-08-2018 01:45,14269,14,42.15565652,34.72727273
15-08-2018 02:00,14269,15,42.14510258,35.54545455
15-08-2018 02:15,14269,14,42.13601603,35.45454545
15-08-2018 02:30,14269,15,42.13229111,35.36363636
15-08-2018 02:45,14269,14,42.12884838,32.45454545
15-08-2018 03:00,14269,17,42.12094703,35.18181818
15-08-2018 03:15,14269,18,42.11676171,35.54545455
15-08-2018 03:30,14269,17,42.11665773,35.54545455
15-08-2018 03:45,14269,17,42.11000693,34.36363636
15-08-2018 04:00,14269,18,42.09351807,34.27272727
15-08-2018 04:15,14269,21,42.09001891,34.72727273
15-08-2018 04:30,14269,20,42.08251263,35.18181818
15-08-2018 04:45,14269,20,42.07754607,34.90909091
15-08-2018 05:00,14269,22,42.07726388,34.72727273
15-08-2018 05:15,14269,20,42.07472416,33.63636364
15-08-2018 05:30,14269,20,42.07472416,33.36363636
15-08-2018 05:45,14269,23,42.08307701,34.18181818
15-08-2018 06:00,14269,20,42.08426221,33.72727273
15-08-2018 06:15,14269,22,42.08471372,33.81818182
15-08-2018 06:30,14269,19,42.08381071,35.18181818
15-08-2018 06:45,14269,21,42.07997291,34.54545455
15-08-2018 07:00,14269,18,42.07963428,33.63636364
15-08-2018 07:15,14269,20,42.06755651,35.18181818
15-08-2018 07:30,14269,19,42.06579214,34.90909091
15-08-2018 07:45,14269,18,42.06439597,33.81818182
15-08-2018 08:00,14269,18,42.06439597,34.81818182
15-08-2018 08:15,14269,19,42.06005023,35.54545455
15-08-2018 08:30,14269,20,42.05327765,35.54545455
15-08-2018 08:45,14269,18,42.05361628,35.63636364
15-08-2018 09:00,14269,18,42.05226176,32.63636364
15-08-2018 09:15,14269,18,42.05322121,35.54545455
15-08-2018 09:30,14269,18,42.0515845,34
15-08-2018 09:45,14269,18,42.05677682,35.45454545
15-08-2018 10:00,14269,17,42.06157406,33.81818182
15-08-2018 10:15,14269,18,42.06196913,33.81818182
15-08-2018 10:30,14269,15,42.08759206,34.54545455
15-08-2018 10:45,14269,15,42.06168694,35.09090909
15-08-2018 11:00,14269,15,42.02500212,34.90909091
15-08-2018 11:15,14269,17,42.02838841,35.45454545
15-08-2018 11:30,14269,15,42.01676214,36.54545455
15-08-2018 11:45,14269,15,42.0162542,34.09090909
15-08-2018 12:00,14269,18,42.06168694,34.63636364
15-08-2018 12:15,14269,19,42.00304766,33.54545455
15-08-2018 12:30,14269,17,42.00304766,33.90909091
15-08-2018 12:45,14269,17,42.00316956,34.27272727
15-08-2018 13:00,14269,18,42.00524875,35.54545455
15-08-2018 13:15,14269,18,42.01106188,35.45454545
15-08-2018 13:30,14269,20,42.00575669,35.81818182
15-08-2018 13:45,14269,19,42.00496656,35.72727273
15-08-2018 14:00,14269,19,42.00496656,34.81818182
15-08-2018 14:15,14269,19,42.00581313,35.81818182
15-08-2018 14:30,14269,18,42.00276547,35.36363636
15-08-2018 14:45,14269,18,42.00225753,35.36363636
15-08-2018 15:00,14269,17,42.00609532,35.18181818
15-08-2018 15:15,14269,18,42.00823998,35.54545455
15-08-2018 15:30,14269,17,42.00744984,34.54545455
15-08-2018 15:45,14269,18,42.00671614,32.90909091
15-08-2018 16:00,14269,15,42.00649039,32.90909091
15-08-2018 16:15,14269,18,42.00299122,33.18181818
15-08-2018 16:30,14269,18,42.00530519,34.27272727
15-08-2018 16:45,14269,15,42.00451505,35
15-08-2018 17:00,14269,15,41.99994356,34.81818182
15-08-2018 17:15,14269,14,41.98930948,34.54545455
15-08-2018 17:30,14269,13,41.99458193,34.45454545
15-08-2018 17:45,14269,14,41.96901544,34.09090909
15-08-2018 18:00,14269,13,41.96450038,35.18181818
15-08-2018 18:15,14269,12,41.97866637,35.09090909
15-08-2018 18:30,13621,12,41.98989756,35.54545455
15-08-2018 18:45,13621,12,42.00355561,34.54545455
15-08-2018 19:00,13621,11,42.00840929,35.09090909
15-08-2018 19:15,13621,11,42.01930186,35.63636364
15-08-2018 19:30,13621,10,42.02929142,35.36363636
15-08-2018 19:45,13621,12,42.0304439,35.09090909
15-08-2018 20:00,13621,10,42.03478965,35.27272727
15-08-2018 20:15,13621,11,42.04985865,35.18181818
15-08-2018 20:30,13621,10,42.05036659,34.18181818
15-08-2018 20:45,13621,9,42.04534359,33.36363636
15-08-2018 21:00,13621,10,42.04703674,33.09090909
15-08-2018 21:15,13621,11,42.04850413,33.36363636
15-08-2018 21:30,13621,10,42.04737537,34.63636364
15-08-2018 21:45,13621,10,42.05149536,33.63636364
15-08-2018 22:00,13621,9,42.05815507,35.18181818
15-08-2018 22:15,13621,10,42.05934027,34.63636364
15-08-2018 22:30,13621,10,42.05979178,34
15-08-2018 22:45,13621,12,42.06138054,33.54545455
15-08-2018 23:00,13621,12,42.06736305,35
15-08-2018 23:15,13621,12,42.06798387,35.18181818
15-08-2018 23:30,13621,10,42.07193459,35.54545455
15-08-2018 23:45,13621,11,42.07187815,35.45454545
16-08-2018 00:00,13621,11,42.07232966,33.54545455
16-08-2018 00:15,13621,13,42.07204746,34
16-08-2018 00:30,13621,12,42.06905621,33.18181818
16-08-2018 00:45,13621,12,42.06527481,34.18181818
16-08-2018 01:00,13621,12,42.06234,33.72727273
16-08-2018 01:15,13621,12,42.05562378,35.18181818
16-08-2018 01:30,13621,12,42.05443857,35.36363636
16-08-2018 01:45,13621,12,42.04693221,35.36363636
16-08-2018 02:00,13621,12,42.04687578,35.72727273
16-08-2018 02:15,13621,13,42.04320726,34.54545455
16-08-2018 02:30,13621,14,42.0384664,35.09090909
16-08-2018 02:45,13621,13,42.03022634,35
16-08-2018 03:00,13621,13,42.01944654,34.90909091
16-08-2018 03:15,13621,15,42.01555226,35.63636364
16-08-2018 03:30,13621,15,42.01527007,34.81818182
16-08-2018 03:45,13621,19,42.01160155,33.18181818
16-08-2018 04:00,13621,21,42.00996483,33
16-08-2018 04:15,13621,23,42.00353081,33.18181818
16-08-2018 04:30,13621,25,42.01345502,34.09090909
16-08-2018 04:45,13621,29,42.1341301,34.72727273
16-08-2018 05:00,13621,29,42.14321674,35.18181818
16-08-2018 05:15,13621,29,42.15010227,35
16-08-2018 05:30,13621,26,42.15010227,35.63636364
16-08-2018 05:45,13621,26,42.2423232,35.27272727
16-08-2018 06:00,13621,29,42.3511265,34.81818182
16-08-2018 06:15,13621,27,42.25969524,35.63636364
16-08-2018 06:30,15397,30,42.16312803,35.36363636
16-08-2018 07:00,15480,29,42.27905383,34.81818182
16-08-2018 07:15,15567,29,42.29175262,34.54545455
16-08-2018 07:30,15337,26,42.29175262,35.31818182
16-08-2018 08:15,15191,25,42.09218415,35.54545455
16-08-2018 08:30,15255,27,42.17520599,35.36363636
16-08-2018 08:45,15168,27,42.17701204,35.09090909
16-08-2018 09:00,15168,27,42.18192223,35.18181818
16-08-2018 09:15,15237,28,42.30095218,34
16-08-2018 09:30,15258,30,42.3578733,33.54545455
16-08-2018 09:45,15397,28,42.28862236,33.27272727
16-08-2018 10:00,15500,29,42.49381001,33.72727273
16-08-2018 10:15,15438,25,42.31173641,33.90909091
16-08-2018 10:30,15330,26,42.30163375,33.54545455
16-08-2018 10:45,15572,27,42.29486102,34.09090909
16-08-2018 11:00,15632,27,42.4054823,34.81818182
16-08-2018 11:15,15459,23,42.20269543,33.81818182
16-08-2018 11:30,15266,24,42.27691328,33.27272727
16-08-2018 11:45,15142,25,42.2906845,34.09090909
16-08-2018 12:00,14827,24,42.28317806,35.36363636
16-08-2018 12:15,14230,24,42.07322339,35.27272727
16-08-2018 12:30,13856,21,42.07322339,35.09090909
16-08-2018 12:45,13621,0,42.07322339,35.09090909
16-08-2018 13:00,13621,23,42.05719459,35.18181818
16-08-2018 13:15,13621,21,42.05775898,35.45454545
16-08-2018 13:30,13621,19,42.05775898,35.36363636
16-08-2018 13:45,13621,19,42.07919088,35.27272727
16-08-2018 14:00,13621,19,42.07591736,35.18181818
16-08-2018 14:15,13621,19,42.14054109,35.63636364
16-08-2018 14:30,13621,19,42.08760043,35.36363636
16-08-2018 14:45,13621,20,42.14714456,35.36363636
16-08-2018 15:00,13621,19,42.15186173,35.09090909
16-08-2018 15:15,13621,19,42.15572343,35.18181818
16-08-2018 15:30,13621,19,42.15651359,35
16-08-2018 15:45,13621,18,42.0975903,34.18181818
16-08-2018 16:00,13621,18,42.09651794,35.09090909
16-08-2018 16:15,13621,18,42.15278856,35.27272727
16-08-2018 16:30,13621,19,42.10114601,35.36363636
16-08-2018 16:45,13621,17,42.10210549,35.36363636
16-08-2018 17:00,13621,17,42.15995643,32.81818182
16-08-2018 17:15,13621,15,42.15645715,35.09090909
16-08-2018 17:30,13621,15,42.14810404,35.18181818
16-08-2018 17:45,13621,14,42.08009392,35.18181818
16-08-2018 18:00,13621,13,42.13884789,34.27272727
16-08-2018 18:15,13621,12,42.15820679,33.63636364
16-08-2018 18:30,9069,13,42.16499727,33.36363636
16-08-2018 18:45,9069,11,42.11124876,34.72727273
16-08-2018 19:00,9069,12,42.11542532,34.36363636
16-08-2018 19:15,9069,12,42.13388118,34.63636364
16-08-2018 19:30,9069,12,42.19636019,35
16-08-2018 19:45,9069,10,42.20290722,33.63636364
16-08-2018 20:00,9069,11,42.15645715,33.27272727
16-08-2018 20:15,9069,10,42.22254832,35.45454545
16-08-2018 20:30,9069,12,42.16955122,34.90909091
16-08-2018 20:45,9069,10,42.23587691,35.09090909
16-08-2018 21:00,9069,10,42.2389159,34.54545455
16-08-2018 21:15,9069,10,42.24264094,35.18181818
16-08-2018 21:30,9069,10,42.1842256,35.18181818
16-08-2018 21:45,9069,11,42.18529796,35
16-08-2018 22:00,9069,12,42.18992604,32
16-08-2018 22:15,9069,11,42.19489275,34.72727273
16-08-2018 22:30,9069,11,42.19523139,34.81818182
16-08-2018 22:45,9069,10,42.19494919,34.90909091
16-08-2018 23:00,9069,9,42.19557003,34
16-08-2018 23:15,9069,10,42.25212285,33.63636364
16-08-2018 23:30,9069,11,42.19534427,33.09090909
16-08-2018 23:45,9069,10,42.25280013,34
17-08-2018 00:00,9069,12,42.19331243,34
17-08-2018 00:15,9069,12,42.19280447,34.72727273
17-08-2018 00:30,9069,13,42.24548678,34.45454545
17-08-2018 00:45,9069,12,42.17649333,32.90909091
17-08-2018 01:00,9069,12,42.17598537,33.36363636
17-08-2018 01:15,9069,10,42.23124007,35.36363636
17-08-2018 01:30,9069,13,42.23389275,33.90909091
17-08-2018 01:45,9069,12,42.17434861,35.09090909
17-08-2018 02:00,9069,13,42.17316337,34.54545455
17-08-2018 02:15,9069,13,42.16565686,35
17-08-2018 02:30,9069,15,42.16554398,34.90909091
17-08-2018 02:45,9069,14,42.22029072,35.36363636
17-08-2018 03:00,9069,15,42.2187104,36.36363636
17-08-2018 03:15,9069,16,42.21492893,34.45454545
17-08-2018 03:30,9069,17,42.142864,35.45454545
17-08-2018 03:45,9069,17,42.13506642,34.81818182
17-08-2018 04:00,9069,17,42.13506642,33.81818182
17-08-2018 04:15,9069,21,42.13326034,34.45454545
17-08-2018 04:30,9069,21,42.19054687,35.09090909
17-08-2018 04:45,9069,26,42.26358015,35.18181818
17-08-2018 05:00,9069,23,42.26453963,35.27272727
17-08-2018 05:15,9069,22,42.25991156,32.72727273
17-08-2018 05:30,9069,26,42.20270528,35.09090909
17-08-2018 05:45,9069,23,42.38353894,34
17-08-2018 06:00,9069,18,42.34420029,35.27272727
17-08-2018 06:15,9069,19,42.3567864,34.36363636
17-08-2018 06:30,9069,20,42.50494132,34.54545455
17-08-2018 06:45,9069,19,42.26557941,34.90909091
17-08-2018 07:00,9069,24,42.28493832,34.54545455
17-08-2018 07:30,13308,22,42.34408741,34.18181818
17-08-2018 07:45,13308,20,42.16184274,34
17-08-2018 08:00,13308,18,42.07740855,34.09090909
17-08-2018 08:15,13308,17,42.07412023,33.72727273
17-08-2018 08:30,13308,18,42.12193968,33.81818182
17-08-2018 08:45,13308,17,42.06640275,34
17-08-2018 09:00,13308,20,42.07131303,35.27272727
17-08-2018 10:15,13308,18,42.08828646,33.81818182
17-08-2018 10:30,13308,20,42.14890353,35.18181818
17-08-2018 10:45,13308,19,42.14822625,34.63636364
17-08-2018 11:00,13308,18,42.1473232,34.63636364
17-08-2018 11:15,13308,16,42.13648663,34
17-08-2018 11:30,13308,17,42.12045753,34.18181818
17-08-2018 11:45,13263,18,42.1805102,34.09090909
17-08-2018 12:00,13308,20,42.18090528,35.45454545
17-08-2018 12:15,13127,18,42.16854482,35.45454545
17-08-2018 12:30,13124,19,42.22492886,35.81818182
17-08-2018 12:45,13047,18,42.05730063,35.81818182
17-08-2018 13:00,12756,18,42.05690555,34.45454545
17-08-2018 13:15,12702,19,42.04996337,35.63636364
17-08-2018 13:30,12234,19,42.15635367,35.45454545
17-08-2018 13:45,12234,21,42.1511285,35.09090909
17-08-2018 14:00,12389,21,42.17493217,34.09090909
17-08-2018 14:15,12436,20,42.18379341,34
17-08-2018 14:30,12296,20,42.1891315,33.63636364
17-08-2018 14:45,12200,18,42.28338759,33.63636364
17-08-2018 15:00,12153,21,42.18816143,34.09090909
17-08-2018 15:15,12050,19,42.18796829,33.54545455
17-08-2018 15:30,11910,20,42.27321934,33.72727273
17-08-2018 15:45,11716,18,42.07623718,34.45454545
17-08-2018 16:00,11569,17,42.07375374,34.45454545
17-08-2018 16:15,11481,18,42.07127029,34.63636364
17-08-2018 16:30,11324,17,42.17670373,33.90909091
17-08-2018 16:45,11060,16,42.17766324,33.54545455
17-08-2018 17:00,10837,17,42.1758571,35.27272727
17-08-2018 17:15,10455,14,42.11444833,35.45454545
17-08-2018 17:30,10095,15,42.20944002,35.27272727
17-08-2018 17:45,9654,15,42.14345946,35.72727273
17-08-2018 18:00,9296,14,42.13900055,35.18181818
17-08-2018 18:15,9069,13,42.09740288,35.36363636
17-08-2018 18:30,8822,12,42.10028142,35.09090909
17-08-2018 18:45,8667,13,42.07098808,35.27272727
17-08-2018 19:00,8483,13,42.07860774,35.18181818
17-08-2018 19:15,8372,12,42.09565318,34.54545455
17-08-2018 19:30,8317,15,42.11134403,34.36363636
17-08-2018 19:45,8280,13,42.24025728,34.27272727
17-08-2018 20:00,8250,11,42.22964621,34.27272727
17-08-2018 20:15,8152,12,42.25109413,34.90909091
17-08-2018 20:30,8115,12,42.20001422,34.54545455
17-08-2018 20:45,8061,11,42.25679476,34.18181818
17-08-2018 21:00,8030,9,42.15169997,35.18181818
17-08-2018 21:15,8020,10,42.21519709,35.27272727
17-08-2018 21:30,7997,13,42.164328,35.18181818
17-08-2018 21:45,8007,11,42.16564112,34.63636364
17-08-2018 22:00,7970,11,42.16618174,35.09090909
17-08-2018 22:15,7956,12,42.1668121,35.45454545
17-08-2018 22:30,7935,12,42.2250042,35.45454545
17-08-2018 22:45,7928,14,42.28017228,35.72727273
17-08-2018 23:00,7960,12,42.22914833,34.81818182
17-08-2018 23:15,7945,12,42.23033363,34.90909091
17-08-2018 23:30,7950,15,42.23027718,34.63636364
17-08-2018 23:45,7958,12,42.28671961,34.90909091
18-08-2018 00:00,7994,12,42.28734047,34.63636364
18-08-2018 00:15,8022,15,42.2871147,35.09090909
18-08-2018 00:30,8075,14,42.23039007,35.18181818
18-08-2018 00:45,8189,13,42.22993853,34.27272727
18-08-2018 01:00,8316,13,42.17197216,33.81818182
18-08-2018 01:15,8540,12,42.16926292,33.63636364
18-08-2018 01:30,8725,14,42.33272018,33.81818182
18-08-2018 01:45,8929,14,42.27402878,34.45454545
18-08-2018 02:00,9150,15,42.27023842,34.72727273
18-08-2018 02:15,9326,14,42.26803716,35.45454545
18-08-2018 02:30,9537,14,42.14702461,35.09090909
18-08-2018 02:45,9734,15,42.2591757,34.09090909
18-08-2018 03:00,9953,15,42.25155598,35.27272727
18-08-2018 03:15,10273,15,42.18512324,35.54545455
18-08-2018 03:30,10652,17,42.29512953,35.45454545
18-08-2018 03:45,11202,18,42.11812609,35.45454545
18-08-2018 04:00,11894,23,42.12021446,35.09090909
18-08-2018 04:15,12753,24,42.12134331,35.18181818
18-08-2018 04:30,13466,27,42.20239463,35.27272727
18-08-2018 04:45,14121,24,42.12986611,35.09090909
18-08-2018 05:00,14609,24,42.24720991,34.81818182
18-08-2018 05:15,14909,25,42.24816943,34.36363636
18-08-2018 05:30,15022,24,42.42057536,34.27272727
18-08-2018 05:45,15153,25,42.47744404,33.90909091
18-08-2018 06:00,15217,25,42.47904842,33.63636364
18-08-2018 06:15,15369,24,42.4130428,33.90909091
18-08-2018 06:30,15447,31,42.40217327,34.54545455
18-08-2018 06:45,15460,25,42.45490633,34.81818182
18-08-2018 07:00,15476,29,42.54374973,35.27272727
18-08-2018 07:15,15444,26,42.42851507,35
18-08-2018 07:30,15502,31,42.5537247,34.27272727
18-08-2018 07:45,15452,25,42.32948837,33.63636364
18-08-2018 08:00,15329,25,42.45033494,35.45454545
18-08-2018 08:15,15234,24,42.23596069,35.81818182
18-08-2018 08:30,15268,28,42.28252697,36.18181818
18-08-2018 08:45,15294,25,42.29054202,36.09090909
18-08-2018 09:00,15304,24,42.29037269,35.18181818
18-08-2018 09:15,15333,23,42.39860336,35.36363636
18-08-2018 09:30,15423,25,42.39860336,33.54545455
18-08-2018 09:45,15432,25,42.39860336,33
18-08-2018 10:00,15501,26,42.37436134,35.09090909
18-08-2018 10:15,15474,25,42.37447422,33.54545455
18-08-2018 10:30,15389,24,43.37,33.54545455
18-08-2018 10:45,15389,26,42.3568637,33.72727273
18-08-2018 11:00,15389,21,42.35810547,34
18-08-2018 11:15,15389,25,42.33651997,34.27272727
18-08-2018 11:30,15389,26,42.24499173,34
18-08-2018 11:45,15389,23,42.2680296,34
18-08-2018 12:00,15389,22,42.1232985,34.45454545
18-08-2018 12:15,15389,23,42.0913512,35.45454545
18-08-2018 12:30,13037,25,42.1,34.81818182
18-08-2018 12:45,13340,25,42.07836908,35.36363636
18-08-2018 13:15,13037,22,42.10078626,35.45454545
18-08-2018 13:30,12812,23,42.10399465,35.63636364
18-08-2018 13:45,12505,25,42.10155268,36.18181818
18-08-2018 14:00,12434,21,42.12046158,35.36363636
18-08-2018 14:15,12384,22,42.19011409,35.36363636
18-08-2018 14:30,12433,21,42.13776626,35.18181818
18-08-2018 14:45,12289,21,42.14162827,35.09090909
18-08-2018 15:00,12179,22,42.19959676,35.09090909
18-08-2018 15:15,12015,19,42.23216523,34.63636364
18-08-2018 15:30,11898,22,42.20219321,34.63636364
18-08-2018 15:45,11689,21,42.13694337,34.90909091
18-08-2018 16:00,11555,21,42.13846737,35.09090909
18-08-2018 16:15,11400,20,42.217659,35.27272727
18-08-2018 16:30,11247,20,42.19716704,34.27272727
18-08-2018 16:45,10988,17,42.14021715,33.45454545
18-08-2018 17:00,10745,16,42.13931404,35.81818182
18-08-2018 17:15,10425,15,42.13512224,35.36363636
18-08-2018 17:30,10122,16,42.13220204,34.81818182
18-08-2018 17:45,9673,15,42.12537225,35.09090909
18-08-2018 18:00,9437,16,42.12046158,35.27272727
18-08-2018 18:15,9168,13,42.18300208,35.54545455
18-08-2018 18:30,8919,15,42.18601745,35.27272727
18-08-2018 18:45,8733,14,42.13750782,34.90909091
18-08-2018 19:00,8564,13,42.15630383,34.63636364
18-08-2018 19:15,8495,12,42.17210829,35
18-08-2018 19:30,8402,14,42.18672742,35.18181818
18-08-2018 19:45,8353,14,42.2632097,35.36363636
18-08-2018 20:00,8283,13,42.32405687,35
18-08-2018 20:15,8215,12,42.32490354,35.27272727
18-08-2018 20:30,8180,13,42.31082498,34.90909091
18-08-2018 20:45,8106,14,42.27393416,35.09090909
18-08-2018 21:00,8092,12,42.22685945,34
18-08-2018 21:15,8059,10,42.28561817,33.54545455
18-08-2018 21:30,8007,13,42.28556172,33.54545455
18-08-2018 21:45,7976,12,42.22770612,34.81818182
18-08-2018 22:00,7955,12,42.22776256,35.18181818
18-08-2018 22:15,7946,12,42.23272968,35.18181818
18-08-2018 22:30,7946,10,42.24458302,34.54545455
18-08-2018 22:45,7943,10,42.29752796,34.72727273
18-08-2018 23:00,7912,11,42.35724623,35.27272727
18-08-2018 23:15,7922,11,42.35831868,35.54545455
18-08-2018 23:30,7934,13,42.30102752,35.81818182
18-08-2018 23:45,7966,13,42.30068885,35.63636364
19-08-2018 00:00,7963,13,42.35831868,34.45454545
19-08-2018 00:15,7996,13,42.30040663,34.63636364
19-08-2018 00:30,8046,12,42.24399473,34.90909091
19-08-2018 00:45,8160,12,42.24238169,35.54545455
19-08-2018 01:00,8229,13,42.23645501,35.36363636
19-08-2018 01:15,8324,12,42.23526968,35.45454545
19-08-2018 01:30,8471,13,42.29035951,35.09090909
19-08-2018 01:45,8620,15,42.22855279,34.72727273
19-08-2018 02:00,8617,14,42.28640839,34.18181818
19-08-2018 02:15,8959,16,42.27940927,33.63636364
19-08-2018 02:30,9132,16,42.45771743,33.36363636
19-08-2018 02:45,9303,16,42.47583611,33.90909091
19-08-2018 03:00,9508,15,42.45562898,34.45454545
19-08-2018 03:15,9682,16,42.26755593,35.27272727
19-08-2018 03:30,9852,18,42.20907944,34.36363636
19-08-2018 03:45,10123,18,42.20922494,34.45454545
19-08-2018 04:00,10330,18,42.20529765,35.27272727
19-08-2018 04:15,10490,20,42.19795987,35.36363636
19-08-2018 04:30,10766,19,42.20191098,35.63636364
19-08-2018 04:45,10942,19,42.2586377,35.81818182
19-08-2018 05:00,11075,18,42.19895205,34.72727273
19-08-2018 05:15,11244,20,42.24311547,35.63636364
19-08-2018 05:30,11343,20,42.23543901,35.09090909
19-08-2018 05:45,11459,20,42.27382127,35
19-08-2018 06:00,11519,19,42.23854346,34.72727273
19-08-2018 06:15,11574,21,42.21777189,34.54545455
19-08-2018 06:30,11665,19,42.23114923,34.18181818
19-08-2018 06:45,11641,20,42.17000488,33.63636364
19-08-2018 07:00,11647,18,42.16398029,33.72727273
19-08-2018 07:15,11617,21,42.16223051,33.63636364
19-08-2018 07:30,11595,20,42.21698166,33.54545455
19-08-2018 07:45,11512,19,42.15844872,33.90909091
19-08-2018 08:00,11502,19,42.21161944,33.63636364
19-08-2018 08:15,11452,19,42.15619094,35.36363636
19-08-2018 08:30,11410,21,42.21037766,34.45454545
19-08-2018 08:45,11427,18,42.14800649,35.18181818
19-08-2018 09:00,11343,20,42.20569277,35.63636364
19-08-2018 09:15,11353,18,42.20303987,35.54545455
19-08-2018 09:30,11364,20,42.20309632,35.54545455
19-08-2018 09:45,11334,18,42.14614383,35.36363636
19-08-2018 10:00,11323,19,42.14665183,35.18181818
19-08-2018 10:15,11271,20,42.14253138,35.63636364
19-08-2018 10:30,11350,21,42.20366076,35.54545455
19-08-2018 10:45,11359,18,42.15314294,35.36363636
19-08-2018 11:00,11375,18,42.15032072,34.81818182
19-08-2018 11:15,11396,18,42.21060344,34.27272727
19-08-2018 11:30,11362,18,42.22939945,33.72727273
19-08-2018 11:45,11346,17,42.13474204,34
19-08-2018 12:00,11351,18,42.15184472,34.18181818
19-08-2018 12:15,11362,17,42.16412582,34
19-08-2018 12:30,11410,19,42.13812871,33.81818182
19-08-2018 12:45,11378,18,42.08371622,33.63636364
19-08-2018 13:00,11474,17,42.08072466,35.63636364
19-08-2018 13:15,11476,17,42.07361265,35.18181818
19-08-2018 13:30,11493,16,42.0715242,34.27272727
19-08-2018 13:45,11554,18,42.12654292,35.63636364
19-08-2018 14:00,11546,18,42.06411475,35.45454545
19-08-2018 14:15,11607,18,42.12959095,35.72727273
19-08-2018 14:30,11576,17,42.08166915,35.72727273
19-08-2018 14:45,11622,16,42.1380577,35.90909091
19-08-2018 15:00,11585,16,42.07619398,35.18181818
19-08-2018 15:15,11459,18,42.07630687,35.36363636
19-08-2018 15:30,11504,18,42.13110007,35.36363636
19-08-2018 15:45,11418,17,42.06998503,35.54545455
19-08-2018 16:00,11363,17,42.06998503,34.90909091
19-08-2018 16:15,11200,16,42.06840457,34.72727273
19-08-2018 16:30,11068,16,42.07071882,34.45454545
19-08-2018 16:45,10837,15,42.06671122,34
19-08-2018 17:00,10564,12,42.06625966,33.81818182
19-08-2018 17:15,10256,13,42.12315912,34.36363636
19-08-2018 17:30,9893,13,42.10615737,34.63636364
19-08-2018 17:45,9560,14,42.03448112,35.09090909
19-08-2018 18:00,9281,13,42.03126376,35
19-08-2018 18:15,9009,11,42.08849899,35.54545455
19-08-2018 18:30,8777,13,42.12750249,34.36363636
19-08-2018 18:45,8615,12,42.03584479,35.45454545
19-08-2018 19:00,8494,11,42.04650391,35.45454545
19-08-2018 19:15,8367,10,42.06473565,35.72727273
19-08-2018 19:30,8285,13,42.12733315,35.54545455
19-08-2018 19:45,8206,11,42.13514635,35.54545455
19-08-2018 20:00,8161,10,42.15033006,34.90909091
19-08-2018 20:15,8143,11,42.21733032,35.36363636
19-08-2018 20:30,8081,11,42.10698028,35.09090909
19-08-2018 20:45,8088,10,42.17081961,35.18181818
19-08-2018 21:00,8061,10,42.11770483,34.72727273
19-08-2018 21:15,8049,11,42.18380197,34.90909091
19-08-2018 21:30,8030,11,42.18018949,34.54545455
19-08-2018 21:45,8002,11,42.12583292,34.81818182
19-08-2018 22:00,7984,11,42.12746982,34.72727273
19-08-2018 22:15,7993,12,42.12758271,34.90909091
19-08-2018 22:30,7972,12,42.24323859,34.54545455
19-08-2018 22:45,7951,11,42.18529335,34
19-08-2018 23:00,7938,11,42.24162553,35.27272727
19-08-2018 23:15,7953,12,42.24314954,35.45454545
19-08-2018 23:30,7952,12,42.23976284,34.36363636
19-08-2018 23:45,7974,13,42.23987573,35.18181818
20-08-2018 00:00,7993,12,42.24044018,35.45454545
20-08-2018 00:15,8015,11,42.2384646,35.81818182
20-08-2018 00:30,8110,13,42.12472779,35.63636364
20-08-2018 00:45,8226,12,42.12421979,35.27272727
20-08-2018 01:00,8334,13,42.12478424,34.81818182
20-08-2018 01:15,8524,12,42.12405045,35
20-08-2018 01:30,8700,13,42.17677015,34.72727273
20-08-2018 01:45,8917,15,42.11857528,35.18181818
20-08-2018 02:00,9102,13,42.11654326,34.63636364
20-08-2018 02:15,9304,14,42.11885751,34.90909091
20-08-2018 02:30,9506,15,42.17411723,34.72727273
20-08-2018 02:45,9735,17,42.16683581,35.09090909
20-08-2018 03:00,9977,18,42.16689226,34.18181818
20-08-2018 03:15,10255,17,42.1578937,33.63636364
20-08-2018 03:30,10655,19,42.20600869,33.54545455
20-08-2018 03:45,11244,21,42.14041952,34.81818182
20-08-2018 04:00,11881,23,42.07573348,34.81818182
20-08-2018 04:15,12629,25,42.06997608,35.27272727
20-08-2018 04:30,13377,26,42.13003363,34.09090909
20-08-2018 04:45,14165,30,42.22655469,35.45454545
20-08-2018 05:00,14823,27,42.19223609,35.72727273
20-08-2018 05:15,15170,28,42.54718669,35.27272727
20-08-2018 05:30,15446,30,42.42817994,36.27272727
20-08-2018 05:45,15535,28,42.41147202,34.27272727
20-08-2018 06:00,15656,30,42.49738233,34.09090909
20-08-2018 06:15,15654,27,42.42716392,35.45454545
20-08-2018 06:30,15863,27,42.50647009,35.45454545
20-08-2018 06:45,15979,25,42.31336944,34.81818182
20-08-2018 07:00,15952,25,42.41675397,35.54545455
20-08-2018 07:15,16048,26,42.54157929,35.45454545
20-08-2018 07:30,16028,27,42.57121327,35.45454545
20-08-2018 07:45,15989,28,42.63111045,36
20-08-2018 08:00,15890,31,42.54907816,34.45454545
20-08-2018 08:15,15939,26,42.35028491,35.36363636
20-08-2018 08:30,15871,29,42.23547441,34.90909091
20-08-2018 08:45,15761,26,42.29446014,35
20-08-2018 09:15,15887,26,42.3484222,34
20-08-2018 09:30,15957,27,42.51087285,34.63636364
20-08-2018 09:45,15957,27,42.35282496,34.09090909
20-08-2018 10:00,15957,27,42.35423611,34
20-08-2018 10:15,15957,27,42.36393809,34.45454545
20-08-2018 10:30,15957,27,42.46216023,34.63636364
20-08-2018 10:45,15957,25,42.46114421,34.27272727
20-08-2018 11:00,15957,29,42.38037045,35.36363636
20-08-2018 11:15,15957,24,42.34339854,34.90909091
20-08-2018 11:30,14755,23,42.4019327,35.45454545
20-08-2018 11:45,15560,24,42.49371193,33.90909091
20-08-2018 12:00,15375,23,42.31664115,35.54545455
20-08-2018 12:15,14755,23,42.1962985,35.36363636
20-08-2018 12:30,14270,22,42.17744557,34.27272727
20-08-2018 12:45,14270,21,42.18213058,34.18181818
20-08-2018 13:00,13745,21,42.20295912,34.90909091
20-08-2018 13:15,13346,21,42.20487828,35.18181818
20-08-2018 13:30,13245,21,42.20566852,34.45454545
20-08-2018 13:45,13204,22,42.2068964,35.36363636
20-08-2018 14:00,13047,20,42.20723507,34.72727273
20-08-2018 14:15,12962,20,42.2235092,35
20-08-2018 14:30,12819,20,42.22399966,35.18181818
20-08-2018 14:45,12819,18,42.22383032,35.36363636
20-08-2018 15:00,12819,17,42.22495925,35.09090909
20-08-2018 15:15,12819,18,42.22162891,35.18181818
20-08-2018 15:30,11771,18,42.22202403,33.81818182
20-08-2018 15:45,12123,17,42.22179825,33.27272727
20-08-2018 16:00,11968,17,42.22614462,33.36363636
20-08-2018 16:15,11771,15,42.22772512,33.63636364
20-08-2018 16:30,11611,16,42.22755578,35.09090909
20-08-2018 16:45,11321,16,42.2272171,35.27272727
20-08-2018 17:00,11029,15,42.22755578,33.90909091
20-08-2018 17:15,10631,15,42.22117734,35
20-08-2018 17:30,10247,14,42.2194275,34.90909091
20-08-2018 17:45,9829,13,42.21649228,34.90909091
20-08-2018 18:00,9533,14,42.20734797,35.36363636
20-08-2018 18:15,9250,13,42.217847,35.45454545
20-08-2018 18:30,8988,12,42.23082967,34.63636364
20-08-2018 18:45,8825,13,42.24973922,34.90909091
20-08-2018 19:00,8695,12,42.26475396,34.90909091
20-08-2018 19:15,8560,12,42.2876712,35.45454545
20-08-2018 19:30,8492,12,42.29551725,35.54545455
20-08-2018 19:45,8432,12,42.29517857,35.27272727
20-08-2018 20:00,8379,12,42.30328298,34.90909091
20-08-2018 20:15,8329,12,42.30951596,34.27272727
20-08-2018 20:30,8301,11,42.32481294,33.45454545
20-08-2018 20:45,8296,12,42.32955443,33.18181818
20-08-2018 21:00,8236,12,42.32887708,33.45454545
20-08-2018 21:15,8213,12,42.32890097,33.63636364
20-08-2018 21:30,8181,13,42.32895742,34.54545455
20-08-2018 21:45,8111,12,42.32867519,35.18181818
20-08-2018 22:00,8120,12,42.33098949,34.54545455
20-08-2018 22:15,8137,12,42.33273933,35.36363636
20-08-2018 22:30,8111,11,42.3339247,35
20-08-2018 22:45,8093,11,42.33481507,35
20-08-2018 23:00,8097,11,42.33904859,34.63636364
20-08-2018 23:15,8079,11,42.33870991,35.18181818
20-08-2018 23:30,8077,11,42.33904859,34.81818182
20-08-2018 23:45,8140,11,42.33961306,34.72727273
21-08-2018 00:00,8146,10,42.33910503,34.72727273
21-08-2018 00:15,8176,11,42.33887925,34.81818182
21-08-2018 00:30,8272,11,42.33696005,35.18181818
21-08-2018 00:45,8429,11,42.33656492,34.09090909
21-08-2018 01:00,8583,12,42.32917037,33.90909091
21-08-2018 01:15,8745,12,42.32516264,33.72727273
21-08-2018 01:30,8906,13,42.32228384,33.18181818
21-08-2018 01:45,9079,15,42.31900992,33.27272727
21-08-2018 02:00,9171,15,42.31545376,33.36363636
21-08-2018 02:15,9346,15,42.30851079,33.54545455
21-08-2018 02:30,9565,15,42.30495463,34.81818182
21-08-2018 02:45,9787,15,42.30111624,35.18181818
21-08-2018 03:00,10228,18,42.29603601,33.81818182
21-08-2018 03:15,10546,17,42.28852857,35.36363636
21-08-2018 03:30,10957,19,42.28474662,34.81818182
21-08-2018 03:45,11486,23,42.33933082,35.27272727
21-08-2018 04:00,12139,21,42.27701339,34.81818182
21-08-2018 04:15,12951,24,42.26561111,35.54545455
21-08-2018 04:30,13721,27,42.26809477,35.18181818
21-08-2018 04:45,14365,28,42.29259275,34.81818182
21-08-2018 05:00,15043,27,42.35615201,35
21-08-2018 05:30,14997,25,42.33272653,35.27272727
21-08-2018 05:45,15002,25,42.36727206,35
21-08-2018 06:00,15666,26,42.37295598,35.36363636
21-08-2018 06:15,15727,26,42.37077177,34.45454545
21-08-2018 06:30,15900,26,42.36444971,34.45454545
21-08-2018 06:45,15915,26,42.42716227,34.63636364
21-08-2018 07:00,15920,26,42.44431361,34.45454545
21-08-2018 07:15,15990,25,42.52741205,34.63636364
21-08-2018 07:30,16059,26,42.36433682,35.27272727
21-08-2018 07:45,16078,26,42.44302386,35.54545455
21-08-2018 08:00,16010,28,42.36185315,35.54545455
21-08-2018 08:15,15853,26,42.25979707,34.81818182
21-08-2018 08:30,15904,26,42.33865346,35.45454545
21-08-2018 08:45,15957,26,42.2510478,35.45454545
21-08-2018 09:00,15953,27,42.36241762,36
21-08-2018 09:15,16035,26,42.38307721,36.27272727
21-08-2018 09:30,16052,29,42.52642845,35.18181818
21-08-2018 09:45,16105,26,42.44748317,35.27272727
21-08-2018 10:00,16197,27,42.38646402,34.09090909
21-08-2018 10:15,16194,29,42.5060751,35.36363636
21-08-2018 10:30,15933,39,42.57638902,34.90909091
21-08-2018 13:00,15933,21,42.21159252,34.63636364
21-08-2018 13:15,15933,21,42.21938228,34.90909091
21-08-2018 13:30,15933,22,42.36473473,35.45454545
21-08-2018 13:45,15933,18,42.30806139,35.27272727
21-08-2018 14:00,15933,18,42.22401098,35.36363636
21-08-2018 14:15,15933,19,42.24280802,36
21-08-2018 14:30,15933,20,42.25246055,35.18181818
21-08-2018 14:45,15933,18,42.25957294,34.27272727
21-08-2018 15:00,15933,18,42.25957294,34.90909091
21-08-2018 15:15,15933,18,42.26030676,35.09090909
21-08-2018 15:30,15933,19,42.35419034,34.81818182
21-08-2018 15:45,15933,19,42.25715607,34
21-08-2018 16:00,15933,18,42.2605994,33.72727273
21-08-2018 16:15,15933,17,42.26172836,34.27272727
21-08-2018 16:30,15933,18,42.27301798,33.18181818
21-08-2018 16:45,15933,18,42.27414694,33.72727273
21-08-2018 17:00,15933,16,42.27194547,34.36363636
21-08-2018 17:15,15933,15,42.27143743,34.63636364
21-08-2018 17:30,9967,15,42.26827634,35
21-08-2018 17:45,9967,15,42.2620106,35.09090909
21-08-2018 18:00,9683,15,42.25647869,34.36363636
21-08-2018 18:15,9378,12,42.25732541,34.54545455
21-08-2018 18:30,9109,14,42.26336536,35.27272727
21-08-2018 19:00,8782,12,42.28541269,35.18181818
21-08-2018 19:15,8644,13,42.30993503,34.72727273
21-08-2018 19:30,8562,12,42.32703881,34.81818182
21-08-2018 19:45,8497,12,42.33951384,34.54545455
21-08-2018 20:00,8453,12,42.34764236,34.72727273
21-08-2018 20:15,8397,12,42.35373875,34.90909091
21-08-2018 20:30,8357,12,42.36502837,35.27272727
21-08-2018 20:45,8325,11,42.36751209,34.54545455
21-08-2018 21:00,8277,12,42.36672182,34
21-08-2018 21:15,8244,12,42.36977001,33.90909091
21-08-2018 21:30,8226,11,42.38111608,33.81818182
21-08-2018 21:45,8179,12,42.38314821,34.27272727
21-08-2018 22:00,8182,12,42.38303532,34.81818182
21-08-2018 22:15,8177,11,42.38856723,34.72727273
21-08-2018 22:30,8125,12,42.38856723,34.81818182
21-08-2018 22:45,8148,11,42.38822854,35.45454545
21-08-2018 23:00,8129,11,42.38817209,34.63636364
21-08-2018 23:15,7973,11,42.3925186,33.90909091
21-08-2018 23:30,8141,19,42.39172832,34.63636364
21-08-2018 23:45,8145,11,42.39223635,34.81818182
22-08-2018 00:00,8162,11,42.39155898,35.54545455
22-08-2018 00:15,8167,11,42.39127674,35.54545455
22-08-2018 00:30,8254,12,42.38021291,34.63636364
22-08-2018 01:15,8668,12,42.35740788,35.54545455
22-08-2018 01:30,8888,13,42.35345651,35.09090909
22-08-2018 01:45,9006,13,42.35430324,34.18181818
22-08-2018 02:00,9168,15,42.35315037,34.36363636
22-08-2018 02:15,9323,15,42.3537952,33.81818182
22-08-2018 02:30,9547,15,42.34634405,33.36363636
22-08-2018 02:45,9719,15,42.34374744,33.27272727
22-08-2018 03:00,10007,17,42.33121597,33.72727273
22-08-2018 03:15,10201,17,42.32816777,34.63636364
22-08-2018 03:30,10503,18,42.3229181,34.90909091
22-08-2018 04:15,11628,20,42.321394,35.36363636
22-08-2018 04:30,11964,21,42.32088596,35.27272727
22-08-2018 04:45,12335,22,42.32178913,35.36363636
22-08-2018 05:00,12663,21,42.31603143,35
22-08-2018 05:15,12928,21,42.30858028,35.72727273
22-08-2018 05:30,13054,20,42.30056465,34.81818182
22-08-2018 05:45,13214,19,42.2962746,35.09090909
22-08-2018 06:00,13364,21,42.29441181,35
22-08-2018 06:15,13439,19,42.29586633,34.90909091
22-08-2018 06:30,13389,20,42.29225361,35.27272727
22-08-2018 07:15,13493,21,42.28768128,34.18181818
22-08-2018 07:30,13477,18,42.28460918,34.27272727
22-08-2018 07:45,13413,19,42.28514109,33.90909091
22-08-2018 08:00,13338,21,42.27842371,33.63636364
22-08-2018 08:15,13251,21,42.27593997,33.54545455
22-08-2018 08:30,13224,20,42.27972202,35.27272727
22-08-2018 08:45,13133,21,42.27960913,35.72727273
22-08-2018 09:00,13060,18,42.28096389,34.36363636
22-08-2018 09:15,13012,20,42.28598782,35
22-08-2018 11:00,13205,20,42.33442072,35.36363636
22-08-2018 11:15,13228,17,42.28152838,34.90909091
22-08-2018 11:30,13200,18,42.32736465,35.09090909
22-08-2018 11:45,13119,18,42.27131118,35.36363636
22-08-2018 12:00,13064,18,42.25110258,35.27272727
22-08-2018 12:15,12976,19,42.27768987,35.54545455
22-08-2018 12:30,12903,19,42.38545026,34.63636364
22-08-2018 12:45,12798,18,42.28771386,34.09090909
22-08-2018 13:00,12680,18,42.25477174,33.45454545
22-08-2018 13:15,12587,18,42.21926557,33.36363636
22-08-2018 13:30,12559,19,42.27763343,35.45454545
22-08-2018 13:45,12463,18,42.22330603,35.45454545
22-08-2018 14:00,12419,17,42.22327342,33.90909091
22-08-2018 14:15,12372,16,42.22299118,35.27272727
22-08-2018 14:30,12304,18,42.33961399,35.36363636
22-08-2018 14:45,12195,18,42.23552277,35.45454545
22-08-2018 15:00,12132,16,42.23591791,35.45454545
22-08-2018 15:15,11946,16,42.23513639,35.54545455
22-08-2018 15:30,11899,17,42.28943118,34.72727273
22-08-2018 15:45,11768,20,42.34142035,35.45454545
22-08-2018 16:00,11582,15,42.22761996,34.81818182
22-08-2018 16:15,11478,17,42.3192925,35
22-08-2018 16:30,11315,16,42.28000427,35
22-08-2018 16:45,11086,15,42.23854715,35.27272727
22-08-2018 17:00,10828,15,42.2240637,35.36363636
22-08-2018 17:15,10538,13,42.22722482,35
22-08-2018 17:30,10179,14,42.29157623,34.18181818
22-08-2018 17:45,9876,14,42.27650445,33.45454545
22-08-2018 18:00,9537,12,42.22412015,33.45454545
22-08-2018 18:15,9216,11,42.22322826,34
22-08-2018 18:30,8991,13,42.3392753,34.54545455
22-08-2018 18:45,8841,12,42.305011,35.27272727
22-08-2018 19:00,8696,12,42.31364764,34.45454545
22-08-2018 19:15,8610,13,42.32804203,35
22-08-2018 19:30,8534,11,42.37308802,34.81818182
22-08-2018 19:45,8405,9,42.27949623,35.36363636
22-08-2018 20:00,8341,11,42.32251662,35.45454545
22-08-2018 20:15,8298,10,42.30580128,35.18181818
22-08-2018 20:30,8268,12,42.38742596,34.54545455
22-08-2018 20:45,8244,11,42.32640502,34.90909091
22-08-2018 21:00,8206,11,42.32318745,35.18181818
22-08-2018 21:15,8183,11,42.32251007,34.72727273
22-08-2018 21:30,8155,12,42.39143381,35
22-08-2018 21:45,8137,13,42.44297139,35.27272727
22-08-2018 22:00,8076,11,42.38878932,34.90909091
22-08-2018 22:15,8071,13,42.44116503,34.18181818
22-08-2018 22:30,8057,12,42.44082634,33.45454545
22-08-2018 22:45,8017,11,42.33209352,33.36363636
22-08-2018 23:00,8023,11,42.33598851,33.45454545
22-08-2018 23:15,8039,9,42.33632721,33.81818182
22-08-2018 23:30,8017,11,42.41394474,34.63636364
22-08-2018 23:45,8049,9,42.38865553,35.27272727
23-08-2018 00:00,8065,9,42.33802068,34.63636364
23-08-2018 00:15,8108,9,42.33435149,34.27272727
23-08-2018 00:30,8158,13,42.33463373,34.72727273
23-08-2018 00:45,8302,14,42.45012862,35
23-08-2018 01:00,8504,14,42.44612073,35.09090909
23-08-2018 01:15,8644,13,42.44352407,35.27272727
23-08-2018 01:30,8831,12,42.43689557,34.27272727
23-08-2018 01:45,9013,12,42.33559337,34.90909091
23-08-2018 02:00,9193,12,42.32081237,35
23-08-2018 02:15,9409,12,42.30962678,34.72727273
23-08-2018 02:30,9645,15,42.42145247,35.36363636
23-08-2018 02:45,9889,14,42.30940098,35.27272727
23-08-2018 03:00,10151,15,42.31707806,34.36363636
23-08-2018 03:15,10448,15,42.29511935,34
23-08-2018 03:30,10856,17,42.36771291,33.72727273
23-08-2018 03:45,11466,20,42.34411718,33.27272727
23-08-2018 04:00,12111,20,42.35969714,33.63636364
23-08-2018 04:15,12908,22,42.38507531,33.54545455
23-08-2018 04:30,13771,24,42.32644861,34.54545455
23-08-2018 04:45,14497,23,42.2825312,35.36363636
23-08-2018 05:00,15060,26,42.47261934,34.54545455
23-08-2018 05:15,15449,24,42.56972751,35.45454545
23-08-2018 13:30,13128,20,42,33.90909091
23-08-2018 13:45,13128,18,42.23445194,35.54545455
23-08-2018 14:00,13128,18,42.24540337,33.90909091
23-08-2018 14:15,13128,15,42.25161294,34.81818182
23-08-2018 15:45,9331,15,42.25200809,33.63636364
23-08-2018 16:00,9331,15,42.25821766,34.36363636
23-08-2018 16:15,9331,15,42.25810476,34.18181818
23-08-2018 16:30,9331,15,42.25929022,34.45454545
23-08-2018 16:45,9331,16,42.26166115,34.90909091
23-08-2018 17:00,9331,12,42.26279016,35.45454545
23-08-2018 17:15,9331,15,42.26318532,34.63636364
23-08-2018 17:30,9331,15,42.25409676,35.18181818
23-08-2018 18:15,9331,12,42.26346757,35.45454545
23-08-2018 18:30,9116,12,42.2792173,35.45454545
23-08-2018 19:00,8812,9,42.30004759,34.90909091
23-08-2018 19:15,8672,13,42.30112015,34.81818182
23-08-2018 19:30,8430,10,42.3010637,34.81818182
23-08-2018 19:45,8349,11,42.31624892,35.18181818
23-08-2018 20:00,8337,11,42.33843403,35.27272727
23-08-2018 20:15,8317,11,42.34328878,34.54545455
23-08-2018 20:30,8292,12,42.35548212,34.18181818
23-08-2018 20:45,8260,11,42.36005462,33.72727273
23-08-2018 21:00,8200,10,42.36022397,33.63636364
23-08-2018 21:15,8187,11,42.36118363,33.09090909
23-08-2018 21:30,8182,11,42.37066734,34.18181818
23-08-2018 21:45,8162,11,42.37049799,34.63636364
23-08-2018 22:00,8150,10,42.37066734,35.54545455
23-08-2018 22:15,8143,11,42.36987703,34.72727273
23-08-2018 22:30,8124,9,42.36976413,33.63636364
23-08-2018 22:45,8088,11,42.36965123,34.45454545
23-08-2018 23:00,8096,9,42.37010284,34.90909091
23-08-2018 23:15,8121,10,42.3670545,35.45454545
23-08-2018 23:30,8114,11,42.3671674,35.54545455
23-08-2018 23:45,8168,12,42.36857867,34.72727273
24-08-2018 00:00,8156,10,42.36942543,34.72727273
24-08-2018 00:15,8199,10,42.36835287,34.63636364
24-08-2018 00:30,8254,11,42.36812706,34.72727273
24-08-2018 00:45,8342,11,42.36598194,34
24-08-2018 01:15,8804,12,42.35949012,36
24-08-2018 01:30,8955,11,42.35237733,34.09090909
24-08-2018 01:45,9172,12,42.35243378,35.54545455
24-08-2018 02:00,9370,12,42.3489903,34.27272727
24-08-2018 02:15,9558,11,42.34927255,35.18181818
24-08-2018 02:30,9813,13,42.34481295,35.27272727
24-08-2018 02:45,10023,14,42.33544214,35.27272727
24-08-2018 03:00,10214,12,42.33340992,35.09090909
24-08-2018 03:15,10543,14,42.32990998,35.45454545
24-08-2018 03:30,10900,15,42.32223269,34.18181818
24-08-2018 03:45,11452,18,42.31929726,35
24-08-2018 04:00,12129,15,42.31200214,35.27272727
24-08-2018 04:15,12886,20,42.30398607,35
24-08-2018 04:30,13641,21,42.30138932,34.45454545
24-08-2018 04:45,14327,22,42.2880104,34.45454545
24-08-2018 05:00,14880,28,42.38725152,34.81818182
24-08-2018 05:15,15324,23,42.46498476,34.45454545
24-08-2018 05:30,15649,21,42.38894506,34.72727273
24-08-2018 05:45,15773,20,42.41784805,35.27272727
24-08-2018 06:00,15806,29,42.59510467,35.63636364
24-08-2018 06:15,15934,33,42.59886183,35.27272727
24-08-2018 06:30,15910,37,42.55844267,35.36363636
24-08-2018 06:45,15932,33,42.39433861,34.90909091
24-08-2018 07:00,15922,34,42.3792661,35.63636364
24-08-2018 07:15,15989,28,42.39072572,35.72727273
24-08-2018 07:30,15898,28,42.41014498,35.36363636
24-08-2018 07:45,15913,31,42.40974982,35.36363636
24-08-2018 08:00,15938,31,42.39981439,35.72727273
24-08-2018 08:15,15856,35,42.29763745,35.45454545
24-08-2018 08:30,15808,31,42.39501602,33.45454545
24-08-2018 08:45,15636,33,42.29475844,35.63636364
24-08-2018 09:00,15746,31,42.28821008,35.36363636
24-08-2018 09:15,15830,32,42.39749988,34.54545455
24-08-2018 09:30,15878,29,42.54997496,34.18181818
24-08-2018 09:45,15899,38,42.62866814,34.18181818
24-08-2018 10:00,15957,29,42.58745866,34.72727273
24-08-2018 10:15,16044,29,42.752355,35.27272727
24-08-2018 10:30,15919,30,42.59439496,35.09090909
24-08-2018 10:45,16005,33,42.49447027,35
24-08-2018 11:00,15919,31,42.40103786,35.09090909
24-08-2018 11:30,15782,21,42.39070667,35.54545455
24-08-2018 11:45,15001,20,42.38641611,35.09090909
24-08-2018 12:00,15195,22,42.27429722,35.63636364
24-08-2018 12:15,14642,18,42.26187721,34.45454545
24-08-2018 12:30,14249,18,42.2495701,34.90909091
24-08-2018 13:15,13451,15,42.26695812,35.36363636
24-08-2018 13:30,13322,18,42.35299497,34.27272727
24-08-2018 13:45,13142,17,42.27524363,35.18181818
24-08-2018 14:00,13018,17,42.2825828,35.18181818
24-08-2018 14:15,12946,15,42.2809456,35
24-08-2018 14:30,12785,17,42.28105851,33.90909091
24-08-2018 14:45,12628,17,42.28297799,33.81818182
24-08-2018 15:00,12535,15,42.29184144,33.63636364
24-08-2018 15:15,12400,16,42.29099462,33.81818182
24-08-2018 15:30,12207,15,42.29489002,33.72727273
24-08-2018 15:45,12050,15,42.2963014,34.54545455
24-08-2018 16:00,11900,17,42.29968871,34.54545455
24-08-2018 16:15,11763,15,42.30166464,34.54545455
24-08-2018 16:30,11634,14,42.30200337,34.36363636
24-08-2018 16:45,11392,13,42.30222919,35.54545455
24-08-2018 17:00,11102,14,42.30307601,35.09090909
24-08-2018 17:15,10769,14,42.29483356,35.18181818
24-08-2018 17:30,10451,15,42.28800249,35.36363636
24-08-2018 17:45,10102,12,42.28501037,35.27272727
24-08-2018 18:00,9776,12,42.28450227,35.45454545
24-08-2018 18:15,9486,11,42.28687339,35.54545455
24-08-2018 18:30,9259,12,42.29963225,34.63636364
27-08-2018 18:30,9391,28.25,42.3,37.45454545
28-08-2018 07:30,16143,27,42.3,35.06060606
28-08-2018 07:45,16133,27,42.37506888,34.45454545
28-08-2018 08:00,16037,27,42.43259998,35.27272727
28-08-2018 08:15,16001,23,42.42492164,35.45454545
28-08-2018 08:30,16001,23,42.46862043,35.72727273
28-08-2018 08:45,16001,23,42.36846325,36.27272727
28-08-2018 09:00,16001,23,42.46862043,37.45454545
28-08-2018 09:15,16001,21,42.47466148,33.90909091
28-08-2018 09:30,16291,23,42.48,34.27272727
28-08-2018 09:45,16173,25,42.54026612,35.09090909
28-08-2018 10:00,16282,23,42.49413962,35.81818182
28-08-2018 10:15,16291,24,42.56358344,34.36363636
28-08-2018 10:30,16351,24,42.50904463,35.18181818
28-08-2018 10:45,16334,23,42.6272685,35.81818182
28-08-2018 11:00,16258,29,42.48081544,35.90909091
28-08-2018 11:15,16185,37,42.49780941,35
28-08-2018 11:30,15983,23,42.54568613,34.90909091
28-08-2018 11:45,15683,21,42.5212961,35.18181818
28-08-2018 12:00,15420,22,42.57944824,34.09090909
28-08-2018 12:15,14968,19,42.41701746,35.09090909
28-08-2018 12:30,14520,33,42.44332707,35.45454545
28-08-2018 12:45,14154,34,42.33616905,34.18181818
28-08-2018 13:00,13952,18,42.42542976,34.36363636
28-08-2018 13:15,13778,18,42.43993957,34.90909091
28-08-2018 13:30,13542,19,42.44044769,35.27272727
28-08-2018 13:45,13318,16,42.59433446,35.27272727
28-08-2018 14:00,13158,16,42.52946311,34.36363636
28-08-2018 14:15,13096,16,42.44675073,34.18181818
28-08-2018 14:30,12992,16,42.46329321,33.81818182
28-08-2018 14:45,12897,16,42.43562831,35.18181818
28-08-2018 15:15,12641,15,42.37860476,35
28-08-2018 15:30,12438,17,42.43308766,35.36363636
28-08-2018 16:00,12080,15,42.37962102,35.63636364
28-08-2018 16:15,11919,14,42.37911289,35.90909091
28-08-2018 16:30,11779,15,42.38142771,34.63636364
28-08-2018 16:45,11779,14,42.38204876,34.90909091
28-08-2018 17:00,11779,12,42.38216168,34.36363636
28-08-2018 17:15,11779,11,42.3753866,35
28-08-2018 17:30,9391,12,42.36940195,34
28-08-2018 17:45,10020,11,42.35856183,33.72727273
28-08-2018 18:00,9712,9,42.36019914,33.72727273
28-08-2018 18:15,9391,10,42.36302209,33.72727273
28-08-2018 18:30,9189,9,42.38402482,33.72727273
28-08-2018 18:45,9054,11,42.40480172,34.72727273
28-08-2018 19:00,8931,11,42.42044085,34.81818182
28-08-2018 19:15,8798,9,42.43308766,34.72727273
28-08-2018 19:30,8721,9,42.44206464,35.27272727
28-08-2018 19:45,8635,10,42.45245309,35
28-08-2018 20:00,8584,10,42.4579296,35.27272727
28-08-2018 20:15,8543,10,42.46594678,34.63636364
28-08-2018 20:30,8513,10,42.47102808,35.18181818
28-08-2018 20:45,8469,10,42.47492375,35.27272727
28-08-2018 21:00,8450,9,42.48288447,35.63636364
28-08-2018 21:15,8436,9,42.49293416,35.63636364
28-08-2018 21:30,8368,9,42.49327291,34.36363636
28-08-2018 21:45,8362,10,42.49355521,34.81818182
28-08-2018 22:00,8339,9,42.49338583,34.81818182
28-08-2018 22:15,8311,9,42.49694275,34.90909091
28-08-2018 22:30,8285,9,42.49695122,34.45454545
28-08-2018 22:45,8292,9,42.49671691,33.81818182
28-08-2018 23:00,8277,10,42.49677337,33.54545455
28-08-2018 23:15,8297,9,42.49722504,33.63636364
28-08-2018 23:30,8293,10,42.49711212,33.54545455
28-08-2018 23:45,8304,11,42.49682983,33.81818182
29-08-2018 00:00,8359,10,42.49677337,34.45454545
29-08-2018 00:15,8371,10,42.49101456,34.72727273
29-08-2018 00:30,8446,11,42.49129685,36.45454545
29-08-2018 00:45,8611,12,42.4811907,34.18181818
29-08-2018 01:00,8786,11,42.48096486,35.18181818
29-08-2018 01:15,8901,12,42.47373811,35
29-08-2018 01:30,9118,12,42.4701812,35.09090909
29-08-2018 01:45,9312,12,42.47012474,35.18181818
29-08-2018 02:00,9513,13,42.46984245,36.90909091
29-08-2018 02:15,9723,13,42.46628553,34.18181818
29-08-2018 02:30,9916,12,42.46244632,34.18181818
29-08-2018 02:45,10155,15,42.46227694,33.72727273
29-08-2018 03:00,10390,15,42.45965586,33.45454545
29-08-2018 03:15,10697,16,42.45448561,35.45454545
29-08-2018 03:30,11090,17,42.45425977,35.54545455
29-08-2018 03:45,11731,19,42.44645666,35.54545455
29-08-2018 04:00,12405,35,42.42816379,35.81818182
29-08-2018 04:15,13209,42,42.42816379,33.45454545
29-08-2018 04:30,14066,36,42.42630063,35.54545455
29-08-2018 04:45,14814,26,42.42748628,35.27272727
29-08-2018 05:00,15335,33,42.52087024,35.09090909
29-08-2018 05:15,15616,36,42.68821612,34.27272727
29-08-2018 05:30,15830,38,42.59821972,34.63636364
29-08-2018 06:00,16045,24,42.61143124,34.54545455
29-08-2018 06:15,16101,38,42.61182645,35.09090909
29-08-2018 06:30,16101,32,42.8185079,34.72727273
29-08-2018 06:45,16101,28,42.63738336,33.81818182
29-08-2018 07:00,16101,33,42.62688175,33.81818182
29-08-2018 07:15,16101,36,42.63648,33.45454545
29-08-2018 07:30,15983,31,42.8044493,35.81818182
29-08-2018 07:45,16038,22,42.65144197,35.18181818
29-08-2018 08:00,16029,32,42.51215448,35.27272727
29-08-2018 08:15,15983,44,42.50594385,35.54545455
29-08-2018 08:30,16005,47,42.51204156,35.54545455
29-08-2018 08:45,16074,26,42.6164366,35.45454545
29-08-2018 09:00,16018,28,42.61886439,36
29-08-2018 09:15,16127,26,42.61914669,33.81818182
29-08-2018 09:30,16234,26,42.66363739,35.45454545
29-08-2018 09:45,16314,49,42.71112047,34.81818182
29-08-2018 10:00,16351,53,42.80755461,33.81818182
29-08-2018 10:15,16408,51,42.8916483,33.72727273
29-08-2018 10:30,16325,47,42.61820999,34
29-08-2018 10:45,16329,23,42.63480938,33.63636364
29-08-2018 11:00,16251,22,42.63469646,33.63636364
29-08-2018 11:15,16089,27,42.62041195,34.72727273
29-08-2018 11:30,16061,32,42.60177997,35.09090909
29-08-2018 11:45,15892,20,42.5812848,35.45454545
29-08-2018 12:00,15573,21,42.57981683,34.90909091
29-08-2018 12:15,14932,19,42.47536486,34.54545455
29-08-2018 12:30,14583,19,42.37672833,35.54545455
29-08-2018 13:00,14004,20,42.47152555,34.09090909
29-08-2018 13:15,13778,19,42.37565558,35.27272727
29-08-2018 13:30,13614,17,42.38079348,35.54545455
29-08-2018 13:45,13450,18,42.38316483,36
29-08-2018 14:00,13340,17,42.38830273,35.90909091
29-08-2018 14:15,13182,17,42.39073054,34.81818182
29-08-2018 14:30,13075,16,42.39327126,35.81818182
29-08-2018 14:45,12911,15,42.39417463,35.36363636
29-08-2018 15:00,12777,16,42.39366648,35.18181818
29-08-2018 15:15,12674,15,42.39976422,35.18181818
29-08-2018 15:30,12535,15,42.40010298,34.45454545
29-08-2018 15:45,12373,16,42.40100635,35.54545455
29-08-2018 16:00,12202,15,42.40015944,35.90909091
29-08-2018 16:15,12066,15,42.40286955,35.81818182
29-08-2018 16:30,11899,14,42.40518443,35.90909091
29-08-2018 16:45,11634,15,42.40620072,35
29-08-2018 17:00,11323,12,42.40337769,34.18181818
29-08-2018 17:15,10969,13,42.39857855,34.81818182
29-08-2018 17:30,10526,13,42.39615075,34.81818182
29-08-2018 17:45,10154,12,42.39688473,34.27272727
29-08-2018 18:00,9821,11,42.39406171,35.09090909
29-08-2018 18:15,9565,12,42.40716055,35.18181818
29-08-2018 18:30,9320,12,42.42127568,34.54545455
29-08-2018 19:00,8994,9,42.44335175,33.81818182
29-08-2018 19:15,8845,9,42.4597253,33.81818182
29-08-2018 19:30,8726,9,42.47090448,34
29-08-2018 19:45,8654,9,42.47626823,34.63636364
29-08-2018 20:00,8626,9,42.48998814,35.54545455
29-08-2018 20:15,8577,10,42.49546481,33.72727273
29-08-2018 20:30,8512,10,42.49563419,34.45454545
29-08-2018 20:45,8451,10,42.49518251,35
29-08-2018 21:00,8430,9,42.51200774,35.27272727
29-08-2018 21:15,8414,9,42.5249372,35.45454545
29-08-2018 21:30,8346,10,42.52482428,35.72727273
29-08-2018 21:45,8331,10,42.52448552,34.54545455
29-08-2018 22:00,8344,9,42.52544535,34.90909091
29-08-2018 22:15,8293,9,42.52674394,34.72727273
29-08-2018 22:30,8319,10,42.52691332,34.81818182
29-08-2018 22:45,8314,10,42.53147561,35.27272727
29-08-2018 23:00,8293,9,42.53593604,34.81818182
29-08-2018 23:15,8314,10,42.53593604,34.54545455
29-08-2018 23:30,8312,10,42.53571019,34.36363636
29-08-2018 23:45,8336,9,42.53757341,34.45454545
30-08-2018 00:00,8350,9,42.53689587,33.72727273
30-08-2018 00:15,8360,10,42.53695234,33.36363636
30-08-2018 00:30,8405,11,42.53621834,34.18181818
30-08-2018 00:45,8520,11,42.52594243,35.18181818
30-08-2018 01:00,8634,11,42.51532776,35.72727273
30-08-2018 01:15,8840,12,42.50770552,34.72727273
30-08-2018 01:30,9016,12,42.50036559,34.09090909
30-08-2018 01:45,9261,11,42.50053497,35.45454545
30-08-2018 02:00,9503,12,42.50030912,35.45454545
30-08-2018 02:15,9722,12,42.49754253,35.54545455
30-08-2018 02:30,9939,13,42.59759149,35.90909091
30-08-2018 02:45,10194,13,42.59352629,34.54545455
30-08-2018 03:00,10422,12,42.48805708,35.18181818
30-08-2018 03:15,10715,12,42.4768778,34.72727273
30-08-2018 03:30,11127,14,42.46908617,35.81818182
30-08-2018 03:45,11706,19,42.5129564,34.81818182
30-08-2018 04:00,12416,18,42.44655822,34.09090909
30-08-2018 04:15,13319,33,42.45169617,35.81818182
30-08-2018 04:30,14101,22,42.45570491,35.18181818
30-08-2018 04:45,14687,27,42.63688836,35.36363636
30-08-2018 05:00,15274,30,42.63513807,35.54545455
30-08-2018 05:15,15461,52,42.65122947,35.81818182
30-08-2018 05:30,15728,54,42.73998621,35.72727273
30-08-2018 05:45,15893,23,42.74755199,34
30-08-2018 06:00,15878,23,42.66212645,35.18181818
30-08-2018 06:15,15934,27,42.65969862,35
30-08-2018 06:30,15676,20,42.75748913,34.54545455
30-08-2018 07:00,15798,41,42.72716956,34.18181818
30-08-2018 07:15,15734,52,42.63863866,33.81818182
30-08-2018 07:30,15745,54,42.63813051,34.54545455
30-08-2018 07:45,15773,49,42.65890817,35.36363636
30-08-2018 08:00,15725,43,42.54288074,35.36363636
30-08-2018 08:15,15654,41,42.44057335,35.09090909
30-08-2018 08:30,15560,46,42.42939407,35.18181818
30-08-2018 08:45,15552,44,42.43278173,34.54545455
30-08-2018 09:00,15520,36,42.63965496,35.63636364
30-08-2018 09:15,15475,32,42.54976899,35.18181818
30-08-2018 09:30,15443,30,42.70929552,33.90909091
30-08-2018 09:45,15575,44,42.75367392,35.54545455
30-08-2018 10:00,15720,50,42.64820465,35.63636364
30-08-2018 10:15,15761,50,42.52856365,36.09090909
30-08-2018 10:30,15936,20,42.62556376,35.90909091
30-08-2018 10:45,15955,35,42.52263524,33.63636364
30-08-2018 11:00,15847,42,42.52133664,35.54545455
30-08-2018 11:15,15772,36,42.53437914,36.18181818
30-08-2018 11:30,15615,37,42.6127471,37.36363636
30-08-2018 11:45,15478,22,42.4928238,35.27272727
30-08-2018 12:00,15184,20,42.40818866,35.36363636
30-08-2018 12:15,14609,20,42.40626899,34.36363636
30-08-2018 12:30,14214,18,42.3826118,35.36363636
30-08-2018 13:00,13764,18,42.39079865,35.36363636
30-08-2018 13:15,13619,18,42.39757398,35.81818182
30-08-2018 13:30,13399,17,42.40011473,36
30-08-2018 15:15,12477,15,42.43170042,34.54545455
30-08-2018 15:30,12358,15,42.42995013,34.45454545
30-08-2018 15:45,12178,15,42.42995013,34
30-08-2018 16:00,12052,15,42.43011951,34.09090909
30-08-2018 16:15,11910,14,42.42961136,33.72727273
30-08-2018 16:30,11718,14,42.42701415,33.72727273
30-08-2018 16:45,11462,14,42.42780461,33.72727273
30-08-2018 17:00,11216,13,42.42436048,34
30-08-2018 17:15,10821,12,42.42605431,36.18181818
30-08-2018 17:30,10468,13,42.41538316,35.27272727
30-08-2018 17:45,10072,11,42.40533309,35.18181818
30-08-2018 18:00,9683,12,42.39900945,34.27272727
30-08-2018 18:15,9402,10,42.41397164,34.27272727
30-08-2018 18:30,9193,12,42.43157559,35.54545455
30-08-2018 19:00,8943,9,42.44857053,35.72727273
30-08-2018 19:15,8839,0,0,0
30-08-2018 19:30,8674,9,42.46850148,34.90909091
30-08-2018 19:45,8609,9,42.46974364,33.63636364
30-08-2018 20:00,8594,9,42.48769843,36
30-08-2018 20:15,8552,9,42.49283643,35.18181818
30-08-2018 20:30,8491,10,42.49469967,34.72727273
30-08-2018 20:45,8488,9,42.50017644,34.54545455
30-08-2018 21:00,8444,9,42.50028937,35.27272727
30-08-2018 21:15,8408,9,42.51248507,35.45454545
30-08-2018 21:30,8392,9,42.52072847,36
30-08-2018 21:45,8363,9,42.52643109,35.45454545
30-08-2018 22:00,8354,9,42.52682632,35.27272727
30-08-2018 22:15,8364,9,42.53145617,34.45454545
30-08-2018 22:30,8342,8,42.53625541,33.63636364
30-08-2018 22:45,8330,9,42.53755403,35.36363636
30-08-2018 23:00,8320,8,42.53755403,35.36363636
30-08-2018 23:15,8320,9,42.53631187,35.81818182
30-08-2018 23:30,8320,8,42.53636833,36.09090909
30-08-2018 23:45,8339,9,42.53704587,34.81818182
31-08-2018 00:00,8367,9,42.5367071,34
31-08-2018 00:15,8382,10,42.5367071,34.63636364
31-08-2018 00:30,8487,14,42.53738464,35
31-08-2018 01:00,8762,11,42.53292417,34.27272727
31-08-2018 01:15,8964,10,42.51519523,34
31-08-2018 01:30,9128,11,42.51146876,34.45454545
31-08-2018 01:45,9356,12,42.5077423,33.81818182
31-08-2018 02:00,9550,11,42.51084769,33.45454545
31-08-2018 02:15,9728,12,42.51208984,33.36363636
31-08-2018 02:30,9983,12,42.51129938,34
31-08-2018 02:45,10205,13,42.50458045,35.72727273
31-08-2018 03:00,10444,14,42.50373352,35.45454545
31-08-2018 03:15,10719,15,42.50350768,35
31-08-2018 03:30,11012,18,42.55483128,34.63636364
31-08-2018 03:45,11535,15,42.49294936,35.36363636
31-08-2018 04:00,12180,18,42.49272351,35.54545455
31-08-2018 04:15,12929,40,42.48843243,35.36363636
31-08-2018 04:30,13671,49,42.49063443,35.18181818
31-08-2018 04:45,14333,49,42.59339456,35.63636364
31-08-2018 05:00,14850,52,42.7584883,35.09090909
31-08-2018 05:15,15179,22,42.68988744,35.27272727
31-08-2018 05:30,15355,24,42.5887647,35.63636364
31-08-2018 05:45,15535,34,42.76836908,36
31-08-2018 06:00,15611,40,42.5858287,35.81818182
31-08-2018 06:15,15662,35,42.58554639,36.36363636
31-08-2018 06:30,15738,24,42.68418482,35.45454545
31-08-2018 06:45,15678,26,42.67223905,35.18181818
31-08-2018 07:00,15732,23,42.58528813,33.72727273
31-08-2018 07:15,15713,22,42.5844412,35.36363636
31-08-2018 07:30,15680,21,42.57935966,34.72727273
31-08-2018 07:45,15710,21,42.57597196,34.45454545
31-08-2018 08:00,15688,21,42.54875745,33.63636364
31-08-2018 08:15,15590,21,42.46412145,34.36363636
31-08-2018 08:30,15556,23,42.46366976,34.81818182
31-08-2018 08:45,15540,32,42.52329325,34.81818182
31-08-2018 09:00,15534,21,42.46575884,35.18181818
31-08-2018 09:15,15467,29,42.46553299,35.27272727
31-08-2018 09:30,15486,35,42.62944113,35.09090909
31-08-2018 09:45,15626,36,42.57631073,33.90909091
31-08-2018 10:00,15619,34,42.64632316,35.90909091
31-08-2018 10:15,15703,25,42.64717009,34.72727273
31-08-2018 10:30,15708,35,42.48185041,35.81818182
31-08-2018 10:45,15665,36,42.55344376,35.72727273
31-08-2018 11:00,15638,33,42.55937224,35.18181818
31-08-2018 11:15,15516,25,42.64937209,35.36363636
31-08-2018 11:30,15459,26,42.68737077,36
31-08-2018 11:45,15310,25,42.55135468,36.09090909
31-08-2018 12:00,15087,26,42.52368848,34.45454545
31-08-2018 12:15,14657,38,42.4350112,35.54545455
31-08-2018 12:30,14350,39,42.4177904,35.36363636
31-08-2018 12:45,14350,23,42.41293469,34.36363636
31-08-2018 13:00,14350,19,42.4112973,34.18181818
31-08-2018 13:15,14350,18,42.41152315,34.45454545
31-08-2018 13:30,14350,17,42.41327346,34.72727273
31-08-2018 13:45,13301,19,42.41382601,35.18181818
31-08-2018 14:00,13191,17,42.42613476,34.81818182
31-08-2018 14:15,13108,17,42.43505579,34.54545455
31-08-2018 14:30,12976,18,42.52851101,34.72727273
31-08-2018 14:45,12890,16,47.17245736,34.54545455
31-08-2018 15:00,12798,16,47.17618655,34.72727273
31-08-2018 15:15,12617,18,47.09499233,34.54545455
31-08-2018 15:30,12524,21,47.097874,35.45454545
31-08-2018 15:45,12389,17,47.10239427,34.81818182
31-08-2018 16:00,12239,15,47.10233777,35.36363636
31-08-2018 16:15,12040,15,47.10222476,35.54545455
31-08-2018 16:30,11835,16,47.09883456,35.72727273
31-08-2018 16:45,11567,15,47.09872155,36
31-08-2018 17:00,11330,15,47.09934309,34.45454545
31-08-2018 17:15,10988,13,47.09307122,35.27272727
31-08-2018 17:30,10566,15,47.08323963,34.54545455
31-08-2018 17:45,10148,12,47.08069698,35.27272727
31-08-2018 18:00,9755,14,47.08160103,35
31-08-2018 18:15,9472,12,47.08843794,35
31-08-2018 18:30,9295,17,47.14324621,34.18181818
31-08-2018 18:45,9095,16,47.20381782,34.18181818
31-08-2018 19:00,8974,15,47.2186217,34.54545455
31-08-2018 19:15,8861,14,47.22997888,34.09090909
31-08-2018 19:30,8691,12,47.22958336,34.09090909
31-08-2018 19:45,8596,12,47.2319565,34.27272727
31-08-2018 20:00,8585,12,47.26489796,34.18181818
31-08-2018 20:15,8524,11,47.27258242,35.27272727
31-08-2018 20:30,8450,9,47.2739385,36
31-08-2018 20:45,8442,10,47.27382549,34.81818182
31-08-2018 21:00,8503,10,47.27405151,35.18181818
31-08-2018 21:15,8481,10,47.27535108,35.18181818
31-08-2018 21:30,8458,10,47.25797475,35.54545455
31-08-2018 21:45,8457,10,47.26509418,35.81818182
31-08-2018 22:00,8462,9,47.26950144,33.18181818
31-08-2018 22:15,8452,9,47.26978396,35.18181818
31-08-2018 22:30,8458,10,47.26605473,34.27272727
31-08-2018 22:45,8451,10,47.26283404,35.18181818
31-08-2018 23:00,8444,9,47.26396411,35.18181818
31-08-2018 23:15,8426,10,47.26328607,34.45454545
31-08-2018 23:30,8423,11,47.25797475,34.45454545
31-08-2018 23:45,8440,11,47.25831377,34.54545455
01-09-2018 00:00,8465,13,47.25588412,33.63636364
01-09-2018 00:15,8504,11,47.25673167,33.63636364
01-09-2018 00:30,8588,12,47.25684468,33.45454545
01-09-2018 00:45,8732,9,47.25328497,34.45454545
01-09-2018 01:00,8891,12,47.24910371,34.27272727
01-09-2018 01:15,9095,12,47.24910371,35.45454545
01-09-2018 01:30,9285,12,47.23848108,35.45454545
01-09-2018 01:45,9497,12,47.23452584,35
01-09-2018 02:00,9692,13,47.22333816,35.27272727
01-09-2018 02:15,9883,13,47.2188744,35.45454545
01-09-2018 02:30,10043,14,47.21005987,35.90909091
01-09-2018 02:45,10263,15,47.20932532,36
01-09-2018 03:00,10485,17,47.20220589,34.54545455
01-09-2018 03:15,10799,16,47.20305344,35.27272727
01-09-2018 03:30,11222,19,47.195708,34.72727273
01-09-2018 03:45,11818,21,47.19440842,35.45454545
01-09-2018 04:00,12490,29,47.18463334,34.45454545
01-09-2018 04:15,13203,25,47.17666636,34.36363636
01-09-2018 04:30,14073,47,47.18022607,35
01-09-2018 04:45,14772,51,47.17192007,36.36363636
01-09-2018 05:00,15237,53,47.34787166,36.36363636
01-09-2018 05:15,15607,30,47.42686341,36.72727273
01-09-2018 05:30,15692,40,47.43069113,34.36363636
01-09-2018 05:45,15794,27,47.46781407,35.81818182
01-09-2018 06:00,15791,30,47.46911365,35
01-09-2018 06:15,15800,38,47.45257624,35.90909091
01-09-2018 06:30,15868,41,47.40245724,36
01-09-2018 06:45,15980,40,47.52100252,36.09090909
01-09-2018 07:00,16011,23,47.36906341,36
01-09-2018 07:15,15993,23,47.30278429,35.18181818
01-09-2018 07:30,15993,22,47.35909196,34.45454545
01-09-2018 07:45,15884,18,47.17596278,34
01-09-2018 08:00,15755,19,47.15703397,35.72727273
01-09-2018 08:15,15719,35,47.12906454,35.45454545
01-09-2018 08:30,15644,36,47.1313812,35.27272727
01-09-2018 08:45,15523,28,47.13092917,35.45454545
01-09-2018 09:00,15551,23,47.14516815,35.81818182
01-09-2018 09:15,15558,22,47.1487279,34.81818182
01-09-2018 09:30,15504,25,47.38994309,36.09090909
01-09-2018 09:45,15614,38,47.33988063,35.27272727
01-09-2018 10:00,15684,34,47.3452485,35.18181818
01-09-2018 10:15,15605,21,47.44904619,35.27272727
01-09-2018 10:30,15568,21,47.33852454,35.09090909
01-09-2018 10:45,15580,24,47.3350778,34.09090909
01-09-2018 11:00,15514,28,47.33521755,34.36363636
01-09-2018 11:15,15354,29,47.32685497,35.36363636
01-09-2018 11:30,15267,31,47.39950728,34.18181818
01-09-2018 11:45,15145,36,47.23231136,33.72727273
01-09-2018 12:00,14948,35,47.19852185,33.45454545
01-09-2018 12:15,14422,23,47.11122286,33.54545455
01-09-2018 12:30,14052,27,47.18151409,33.45454545
01-09-2018 12:45,13714,21,47.0955712,34.36363636
01-09-2018 13:00,13504,17,47.0807106,35.63636364
01-09-2018 13:15,13228,18,47.08138865,34.54545455
01-09-2018 13:30,13054,17,47.08150166,35.18181818
01-09-2018 13:45,12934,17,47.08938593,35.63636364
01-09-2018 14:00,12843,16,47.0926067,35.63636364
01-09-2018 14:15,12806,17,47.10486822,35.90909091
01-09-2018 14:30,12688,16,47.10842802,36.09090909
01-09-2018 14:45,12510,16,47.10571579,35.18181818
01-09-2018 15:00,12448,16,47.11345694,35.54545455
01-09-2018 15:15,12292,16,47.12040701,35.27272727
01-09-2018 15:30,12154,16,47.12052002,33.72727273
01-09-2018 15:45,12012,16,47.12097206,34.54545455
01-09-2018 16:00,11856,17,47.11995498,34.63636364
01-09-2018 16:15,11719,14,47.11712974,33.72727273
01-09-2018 16:30,11548,15,47.11842935,33.81818182
01-09-2018 16:45,11312,12,47.11825984,34.27272727
01-09-2018 17:00,11095,13,47.11735576,34.18181818
01-09-2018 17:15,10789,13,47.11334393,33.45454545
01-09-2018 17:30,10447,13,47.09966979,33.90909091
01-09-2018 17:45,10125,11,47.08701273,34.54545455
01-09-2018 18:00,9779,12,47.06938326,35.45454545
01-09-2018 18:15,9485,11,47.08497856,34.45454545
01-09-2018 18:30,9252,10,47.09644902,35.27272727
01-09-2018 19:00,8950,9,47.14798131,35.90909091
01-09-2018 19:15,8816,10,47.1550444,35.54545455
01-09-2018 19:30,8706,9,47.15176713,35.81818182
01-09-2018 19:45,8623,10,47.16301157,34.09090909
01-09-2018 20:00,8570,9,47.18092356,34.45454545
01-09-2018 20:15,8525,9,47.19753594,34.90909091
01-09-2018 20:30,8505,10,47.20369496,35.27272727
01-09-2018 20:45,8482,9,47.20889339,33.72727273
01-09-2018 21:00,8432,10,47.20951494,34.09090909
01-09-2018 21:15,8436,9,47.21578696,33.90909091
01-09-2018 21:30,8412,9,47.21883822,33.90909091
01-09-2018 21:45,8411,9,47.22177646,34.45454545
01-09-2018 22:00,8384,9,47.22601432,34
01-09-2018 22:15,8371,11,47.22612733,34.09090909
01-09-2018 22:30,8343,9,47.22590131,34.18181818
01-09-2018 22:45,8340,10,47.22951761,35.63636364
01-09-2018 23:00,8334,9,47.22974363,35.54545455
01-09-2018 23:15,8304,10,47.23025217,34.36363636
01-09-2018 23:30,8310,10,47.22951761,35.09090909
01-09-2018 23:45,8323,10,47.22985664,35.45454545
02-09-2018 00:00,8322,11,47.22980013,35.63636364
02-09-2018 00:15,8341,9,47.22273704,35.63636364
02-09-2018 00:30,8403,9,47.22268054,36
02-09-2018 00:45,8485,9,47.21906424,34.90909091
02-09-2018 01:00,8619,12,47.21527842,33.54545455
02-09-2018 01:15,8773,11,47.20798931,34.54545455
02-09-2018 01:30,8923,10,47.20804582,34.90909091
02-09-2018 01:45,9138,11,47.2005872,33.72727273
02-09-2018 02:00,9293,12,47.19674488,34.09090909
02-09-2018 02:15,9462,12,47.19612332,34.27272727
02-09-2018 02:30,9673,12,47.19640585,34.63636364
02-09-2018 02:45,9839,13,47.19278955,34.81818182
02-09-2018 03:00,9977,12,47.18171462,34.72727273
02-09-2018 03:15,10145,14,47.17414299,34.63636364
02-09-2018 03:30,10313,13,47.17414299,34.27272727
02-09-2018 03:45,10550,16,47.17386047,35.72727273
02-09-2018 04:00,10792,15,47.16662787,36
02-09-2018 04:15,10936,15,47.16261603,35.90909091
02-09-2018 04:30,11155,16,47.15939526,34.81818182
02-09-2018 04:45,11283,15,47.15933876,35.27272727
02-09-2018 05:00,11477,16,47.1609774,35.36363636
02-09-2018 05:15,11695,17,47.16075138,35.90909091
02-09-2018 05:30,11754,16,47.15685255,35.72727273
02-09-2018 05:45,11894,15,47.14278288,34.36363636
02-09-2018 06:00,11971,17,47.13571979,35.27272727
02-09-2018 06:15,11940,16,47.13521125,35.09090909
02-09-2018 06:30,11937,17,47.12939126,35.09090909
02-09-2018 06:45,12050,18,47.12419283,34
02-09-2018 07:00,12074,15,47.12351477,34
02-09-2018 07:15,12069,15,47.1214806,34.63636364
02-09-2018 07:30,12013,16,47.12204565,35.36363636
02-09-2018 07:45,12007,17,47.12102857,35.45454545
02-09-2018 08:00,12051,16,47.11362645,35.18181818
02-09-2018 08:15,11999,14,47.102269,35.36363636
02-09-2018 08:30,11960,16,47.10272104,34.90909091
02-09-2018 08:45,11871,15,47.09870921,34.54545455
02-09-2018 09:00,11849,16,47.09814416,35.81818182
02-09-2018 09:15,11849,16,47.10865404,35.81818182
02-09-2018 09:30,11791,15,47.17001815,35.18181818
02-09-2018 09:45,11841,15,47.11481305,35.63636364
02-09-2018 10:00,11892,18,47.12368429,35.81818182
02-09-2018 10:15,11924,15,47.12464487,36
02-09-2018 10:30,11885,15,47.12351477,36.27272727
02-09-2018 10:45,11896,14,47.11972896,34.72727273
02-09-2018 11:00,11891,14,47.10475521,35.36363636
02-09-2018 11:15,11927,14,47.09520591,35.09090909
02-09-2018 11:30,11911,14,47.09243718,35.54545455
02-09-2018 11:45,11915,14,47.08802982,35.09090909
02-09-2018 12:00,11947,14,47.0733951,35.27272727
02-09-2018 12:15,11871,13,47.07288655,35.36363636
02-09-2018 12:30,11905,13,47.04130042,35.09090909
02-09-2018 12:45,11898,13,47.04039635,34.54545455
02-09-2018 13:00,11953,15,47.04118741,34.45454545
02-09-2018 13:15,11947,18,47.04276954,34.72727273
02-09-2018 13:30,11900,18,47.04192181,35
02-09-2018 13:45,11890,18,47.04172237,34.90909091
02-09-2018 14:00,11911,15,47.04562124,35.81818182
02-09-2018 14:15,11945,16,47.04596027,35.45454545
02-09-2018 14:30,11966,15,47.04771193,35
02-09-2018 14:45,11964,15,47.04466065,35.27272727
02-09-2018 15:00,11931,16,47.04533871,35.36363636
02-09-2018 15:15,11864,15,47.04386957,36.18181818
02-09-2018 15:30,11792,15,47.04234393,35.81818182
02-09-2018 15:45,11722,15,47.04053576,35.36363636
02-09-2018 16:00,11680,14,47.0409878,33.54545455
02-09-2018 16:15,11559,15,47.04110081,35.09090909
02-09-2018 16:30,11436,12,47.03697593,34
02-09-2018 16:45,11233,13,47.02900868,33.72727273
02-09-2018 17:00,10977,12,47.0109835,33.81818182
02-09-2018 17:15,10706,12,46.99894787,33.81818182
02-09-2018 17:30,10368,12,46.98086618,33.72727273
02-09-2018 17:45,10038,12,46.98165725,34.18181818
02-09-2018 18:00,9710,11,46.97335098,33.54545455
02-09-2018 18:15,9449,11,46.97719334,33.72727273
02-09-2018 18:30,9242,11,46.99533153,34.27272727
02-09-2018 18:45,9081,10,47.00770619,35.27272727
02-09-2018 19:00,8937,11,47.01855521,35.09090909
02-09-2018 19:15,8817,10,47.03211647,34.09090909
02-09-2018 19:30,8726,10,47.04341753,35.45454545
02-09-2018 19:45,8646,11,47.11116737,35.45454545
02-09-2018 20:00,8597,10,47.06579362,35.72727273
02-09-2018 20:15,8564,10,47.07037055,35.72727273
02-09-2018 20:30,8529,9,47.08003295,35.72727273
02-09-2018 20:45,8500,10,47.08675708,34.09090909
02-09-2018 21:00,8460,10,47.08879127,34.63636364
02-09-2018 21:15,8437,9,47.08862176,34.90909091
02-09-2018 21:30,8429,10,47.09003439,35.09090909
02-09-2018 21:45,8303,10,47.0955154,35.27272727
02-09-2018 22:00,8116,9,47.09528938,35
02-09-2018 22:15,8056,10,47.09489384,34.63636364
02-09-2018 22:30,8142,10,47.09636298,34.09090909
02-09-2018 22:45,8111,10,47.09786239,34.72727273
02-09-2018 23:00,8256,10,47.09746685,35.18181818
02-09-2018 23:15,8294,11,47.09887949,35
02-09-2018 23:30,8311,11,47.09887949,34.45454545
02-09-2018 23:45,8309,10,47.09904901,35.45454545
03-09-2018 00:00,8317,11,47.09910551,35.54545455
03-09-2018 00:15,8397,12,47.10243936,34.54545455
03-09-2018 00:30,8456,11,47.10277839,35.09090909
03-09-2018 00:45,8585,12,47.10260887,35.54545455
03-09-2018 01:00,8747,12,47.10238285,35.63636364
03-09-2018 01:15,8907,11,47.10238285,35.72727273
03-09-2018 01:30,9098,11,47.09548914,36
03-09-2018 01:45,9251,12,47.09187277,34.27272727
03-09-2018 02:00,9464,12,47.08452702,35.45454545
03-09-2018 02:15,9628,12,47.08079764,34.90909091
03-09-2018 02:30,9847,12,47.08057161,35.18181818
03-09-2018 02:45,10076,14,47.07701175,34
03-09-2018 03:00,10316,13,47.0697225,34
03-09-2018 03:15,10637,15,47.05147113,34.36363636
03-09-2018 03:30,11035,16,47.04864584,33.90909091
03-09-2018 03:45,11619,19,47.03977443,34.45454545
03-09-2018 04:00,12363,18,47.03824877,34.45454545
03-09-2018 04:15,13186,47,47.04604657,34.36363636
03-09-2018 04:30,14004,52,47.06458047,34.36363636
03-09-2018 04:45,14779,58,47.08418798,35.18181818
03-09-2018 05:00,15268,55,47.20075944,34.45454545
03-09-2018 05:15,15639,24,47.30699033,35.90909091
03-09-2018 05:30,15846,22,47.40967644,34
03-09-2018 05:45,15959,21,47.31971876,35.63636364
03-09-2018 06:00,16024,23,47.32429575,35.72727273
03-09-2018 06:15,16159,20,47.28056004,36.27272727
03-09-2018 06:30,16152,25,47.60623119,35.54545455
03-09-2018 06:45,16193,25,47.33409129,34.81818182
03-09-2018 07:00,16286,24,47.35064797,35.54545455
03-09-2018 07:15,16331,24,47.27752732,35.09090909
03-09-2018 07:30,16349,23,47.28029619,35.45454545
03-09-2018 07:45,16314,21,47.28097428,35.36363636
03-09-2018 08:00,16240,26,47.25848431,34.63636364
03-09-2018 08:15,16065,22,47.16942856,33.81818182
03-09-2018 08:30,15886,30,47.16072641,33.72727273
03-09-2018 08:45,15864,29,47.15196776,34.81818182
03-09-2018 09:00,15835,34,47.15366298,35.09090909
03-09-2018 09:15,15951,22,47.24899106,35.18181818
03-09-2018 09:30,16099,23,47.29775699,35
03-09-2018 09:45,16154,24,47.27521052,35.81818182
03-09-2018 10:00,16203,25,47.4736647,34.36363636
03-09-2018 10:15,16284,21,47.27424989,35.72727273
03-09-2018 10:30,16249,23,47.25509386,34.18181818
03-09-2018 10:45,16267,21,47.27176356,35.54545455
03-09-2018 11:00,16188,22,47.2659433,35.90909091
03-09-2018 11:15,16057,21,47.43303584,36.36363636
03-09-2018 11:30,15918,20,47.44727572,34.90909091
03-09-2018 11:45,15757,20,47.24644822,34.90909091
03-09-2018 12:00,15475,21,47.13823645,35.27272727
03-09-2018 12:15,14890,18,47.14445227,35.45454545
03-09-2018 12:30,14460,18,47.12365752,33.72727273
03-09-2018 13:00,13897,18,47.09551681,33.90909091
03-09-2018 13:15,13715,18,47.09828568,34
03-09-2018 13:30,13289,18,47.09805965,33.72727273
03-09-2018 13:45,13159,15,47.09873812,35.18181818
03-09-2018 14:00,13021,16,47.10444543,34.18181818
03-09-2018 14:15,13017,14,47.11111337,33.90909091
03-09-2018 14:30,12960,14,47.115521,35.18181818
03-09-2018 14:45,12870,14,47.11602957,35.18181818
03-09-2018 15:00,12720,14,47.1155775,34.36363636
03-09-2018 15:15,12612,15,47.11569052,35.36363636
03-09-2018 15:30,12431,14,47.11574703,35.36363636
03-09-2018 15:45,12331,0,0,0
03-09-2018 16:00,12158,15,47.11489941,35.90909091
03-09-2018 16:15,11948,15,47.11540798,33.81818182
03-09-2018 16:30,11788,15,47.11636862,35.45454545
03-09-2018 16:45,11569,14,47.115521,35.18181818
03-09-2018 17:00,11315,14,47.11597306,34.45454545
03-09-2018 17:15,10861,12,47.11642512,34.45454545
03-09-2018 17:30,10387,13,47.11286512,34.36363636
03-09-2018 17:45,9953,12,47.1141083,34.90909091
03-09-2018 18:00,9726,11,47.11292163,34
03-09-2018 18:15,9497,12,47.13332101,35.54545455
03-09-2018 18:30,9291,10,47.14773055,34.18181818
03-09-2018 18:45,9069,12,47.15942771,35.18181818
03-09-2018 19:00,8867,10,47.16315724,35.63636364
03-09-2018 19:15,8846,12,47.19598838,35.90909091
03-09-2018 19:30,8774,12,47.21361888,35.54545455
03-09-2018 19:45,8719,12,47.22842397,35.45454545
03-09-2018 20:00,8598,11,47.22865001,34.18181818
03-09-2018 20:15,8554,10,47.22836747,34.54545455
03-09-2018 20:30,8527,11,47.2441332,34.90909091
03-09-2018 20:45,8502,11,47.25577385,35
03-09-2018 21:00,8489,11,47.26215925,33.54545455
03-09-2018 21:15,8435,10,47.26227227,33.72727273
03-09-2018 21:30,8455,10,47.26340243,33.63636364
03-09-2018 21:45,8436,10,47.26752751,33.81818182
03-09-2018 22:00,8402,9,47.27165259,33.90909091
03-09-2018 22:15,8391,9,47.2717091,34.45454545
03-09-2018 22:30,8398,11,47.27250021,34.72727273
03-09-2018 22:45,8364,12,47.27611673,34.45454545
03-09-2018 23:00,8387,11,47.27617323,35.45454545
03-09-2018 23:15,8369,10,47.27628625,34.72727273
03-09-2018 23:30,8376,11,47.27606022,34.81818182
03-09-2018 23:45,8326,11,47.27493006,34.90909091
04-09-2018 00:00,8371,15,47.27487355,35.54545455
04-09-2018 00:15,8376,10,47.27295228,35.54545455
04-09-2018 00:30,8468,9,47.27346085,35.54545455
04-09-2018 00:45,8581,9,47.26583227,35.81818182
04-09-2018 01:00,8727,9,47.26215925,35.09090909
04-09-2018 01:15,8980,11,47.2618202,35.09090909
04-09-2018 01:30,9206,12,47.25390908,35.09090909
04-09-2018 01:45,9369,12,47.25080114,33.72727273
04-09-2018 02:00,9548,12,47.23588303,34
04-09-2018 02:15,9729,12,47.22938461,33.63636364
04-09-2018 02:30,9969,12,47.22520302,33.90909091
04-09-2018 02:45,10214,14,47.20570776,33.45454545
04-09-2018 03:00,10408,14,47.20559474,33.54545455
04-09-2018 03:15,10730,15,47.20502966,33.81818182
04-09-2018 03:30,11120,15,47.19768362,34.09090909
04-09-2018 03:45,11707,16,47.19084616,34.63636364
04-09-2018 04:00,12416,19,47.17994011,35.09090909
04-09-2018 04:15,13310,39,47.16892105,35.81818182
04-09-2018 04:30,14105,50,47.16959915,35.81818182
04-09-2018 04:45,14860,51,47.27233069,34.09090909
04-09-2018 05:00,15320,53,47.37653144,35.27272727
04-09-2018 05:15,15564,40,47.48977347,35.54545455
04-09-2018 05:30,15805,30,47.46993916,34.27272727
04-09-2018 05:45,15954,24,47.28425388,35.54545455
04-09-2018 06:00,16021,39,47.29532944,34.36363636
04-09-2018 06:15,16092,32,47.31098216,34.18181818
04-09-2018 06:30,16048,38,47.37025905,35.54545455
04-09-2018 06:45,16217,45,47.31290343,34.81818182
04-09-2018 07:00,16233,27,47.31171676,35.54545455
04-09-2018 07:15,16272,23,47.29188246,35.72727273
04-09-2018 07:30,16276,24,47.20960681,36
04-09-2018 07:45,16234,24,47.41348767,36.18181818
04-09-2018 08:00,16048,22,47.30855232,35.09090909
04-09-2018 08:15,16003,22,47.1925414,34.36363636
04-09-2018 08:30,15909,24,47.26735799,34.72727273
04-09-2018 08:45,16037,21,47.18236996,35.18181818
04-09-2018 09:00,16072,23,47.18333059,34.90909091
04-09-2018 09:15,16082,23,47.1833871,34.81818182
04-09-2018 09:30,16179,23,47.24588495,34.54545455
04-09-2018 09:45,16093,20,47.29165642,35
04-09-2018 10:00,16172,24,47.28600562,34.09090909
04-09-2018 10:15,16172,24,47.2709745,34.18181818
04-09-2018 10:30,16267,24,47.29205198,34.27272727
04-09-2018 10:45,16232,22,47.35409776,34.81818182
04-09-2018 11:00,16138,21,47.28979166,34.72727273
04-09-2018 11:15,16123,20,47.27476053,35.36363636
04-09-2018 11:30,16105,21,47.37218032,35.09090909
04-09-2018 11:45,15860,20,47.35127236,35.81818182
04-09-2018 12:00,15575,19,47.13908483,34.72727273
04-09-2018 12:15,14822,18,47.20293887,35.54545455
04-09-2018 12:30,14372,18,47.0950651,34.81818182
04-09-2018 12:45,14029,16,47.09331335,34.90909091
04-09-2018 13:00,13811,18,47.19477635,35.81818182
04-09-2018 13:15,13523,18,47.11210441,36.27272727
04-09-2018 13:30,13297,16,47.11312156,36
04-09-2018 13:45,13226,18,47.1159171,35
04-09-2018 14:00,13162,17,47.13479095,34.63636364
04-09-2018 14:15,13026,14,47.13524302,35.63636364
04-09-2018 14:30,12917,15,47.13665573,34.90909091
04-09-2018 14:45,12842,15,47.14315422,35.36363636
04-09-2018 15:00,12701,14,47.14309771,36.18181818
04-09-2018 15:15,12537,14,47.14343676,36
04-09-2018 15:30,12399,15,47.14694029,33.81818182
04-09-2018 15:45,12212,15,47.14801395,34.90909091
04-09-2018 16:00,12045,14,47.14863554,35
04-09-2018 16:15,11989,15,47.1536083,34.27272727
04-09-2018 16:30,11788,15,47.15801596,34.45454545
04-09-2018 16:45,11536,14,47.15835501,34.54545455
04-09-2018 17:00,11253,13,47.15897661,34.45454545
04-09-2018 17:15,10887,12,47.15355179,34.18181818
04-09-2018 17:30,10438,14,47.14660124,35.09090909
04-09-2018 17:45,10067,12,47.1403853,34.36363636
04-09-2018 18:00,9758,12,47.14733585,33.63636364
04-09-2018 18:15,9478,12,47.15598166,33.63636364
04-09-2018 18:30,9294,12,47.17163452,34.36363636
04-09-2018 18:45,9136,12,47.18785247,36
04-09-2018 19:00,8995,11,47.19649828,35.36363636
04-09-2018 19:15,8893,12,47.20621775,35.36363636
04-09-2018 19:30,8801,12,47.20842158,35.45454545
04-09-2018 19:45,8755,11,47.22995133,35.54545455
04-09-2018 20:00,8701,11,47.24210067,35.72727273
04-09-2018 20:15,8630,11,47.24441752,35.72727273
04-09-2018 20:30,8599,10,47.25628431,33.27272727
04-09-2018 20:45,8554,11,47.25600177,35.45454545
04-09-2018 21:00,8519,11,47.25944879,34.90909091
04-09-2018 21:15,8503,11,47.27504515,35
04-09-2018 21:30,8503,12,47.2800179,33.81818182
04-09-2018 21:45,8494,12,47.28075251,34.63636364
04-09-2018 22:00,8470,9,47.28126109,33.90909091
04-09-2018 22:15,8458,9,47.28120458,33.45454545
04-09-2018 22:30,8458,11,47.2813176,33.81818182
04-09-2018 22:45,8439,11,47.28191462,33.81818182
04-09-2018 23:00,8447,10,47.28214065,34
04-09-2018 23:15,8436,10,47.28247971,34.54545455
04-09-2018 23:30,8470,11,47.28270574,34.27272727
04-09-2018 23:45,8479,10,47.28315782,35.72727273
05-09-2018 00:00,8509,11,47.28332734,35.81818182
05-09-2018 00:15,8519,11,47.28327083,34.63636364
05-09-2018 00:30,8644,12,47.28027585,35.27272727
05-09-2018 00:45,8782,12,47.28061491,35.54545455
05-09-2018 01:00,8941,11,47.27287317,35.72727273
05-09-2018 01:15,9116,12,47.27276015,35.90909091
05-09-2018 01:30,9303,12,47.26880452,33.36363636
05-09-2018 01:45,9500,12,47.25772874,35.18181818
05-09-2018 02:00,9742,12,47.25021304,34.72727273
05-09-2018 02:15,9943,13,47.24297988,35.36363636
05-09-2018 02:30,10164,14,47.23908076,34.45454545
05-09-2018 02:45,10387,14,47.23899443,34
05-09-2018 03:00,10632,15,47.23554738,34
05-09-2018 03:15,10910,15,47.23532134,33.81818182
05-09-2018 03:30,11317,17,47.22464112,33.72727273
05-09-2018 03:45,11880,20,47.21995087,35
05-09-2018 04:00,12602,20,47.21944229,35.09090909
05-09-2018 04:15,13333,49,47.21746447,34.90909091
05-09-2018 04:30,14109,52,47.21232214,34.63636364
05-09-2018 04:45,14676,55,47.20107684,35.27272727
05-09-2018 05:00,15078,51,47.28931424,35.72727273
05-09-2018 05:15,15300,50,47.39425167,34.45454545
05-09-2018 05:30,15552,53,47.49116196,35.18181818
05-09-2018 05:45,15592,55,47.41894323,35
05-09-2018 06:00,15639,30,47.39741324,35.81818182
05-09-2018 06:15,15701,46,47.31202787,34.90909091
05-09-2018 06:30,15782,53,47.41029733,33.27272727
05-09-2018 06:45,15815,46,47.43329656,35.36363636
05-09-2018 07:00,15848,33,47.41600476,33.72727273
05-09-2018 07:15,15811,31,47.51455676,34.18181818
05-09-2018 07:30,15675,53,47.32428733,35.72727273
05-09-2018 07:45,15686,50,47.42137021,35.81818182
05-09-2018 08:00,15723,47,47.28523945,35.54545455
05-09-2018 08:15,15724,40,47.19787616,35
05-09-2018 08:30,15605,35,47.19702852,35.54545455
05-09-2018 08:45,15566,36,47.19991049,34.81818182
05-09-2018 09:00,15644,38,47.31230737,33.54545455
05-09-2018 09:15,15578,34,47.21076026,35.45454545
05-09-2018 09:30,15740,37,47.39667567,35
05-09-2018 09:45,15849,32,47.58594384,34.18181818
05-09-2018 10:00,15826,32,47.50880841,33.72727273
05-09-2018 10:15,15896,31,47.29842367,34.45454545
05-09-2018 10:30,15935,35,47.29814112,34.54545455
05-09-2018 10:45,15861,34,47.30740867,33.72727273
05-09-2018 11:00,15786,31,47.20258361,34
05-09-2018 11:15,15880,23,47.3045832,34.45454545
05-09-2018 11:30,15809,21,47.28356168,36.27272727
05-09-2018 11:45,15529,21,47.29915829,34.81818182
05-09-2018 12:00,15275,23,47.27141214,35.90909091
05-09-2018 12:15,14686,20,47.23422891,35.18181818
05-09-2018 12:30,14419,21,47.13228584,35.09090909
05-09-2018 12:45,14150,19,47.12804763,35
05-09-2018 13:00,13927,17,47.12946036,33.90909091
05-09-2018 13:15,13799,18,47.14251405,35.54545455
05-09-2018 13:30,13601,19,47.22428325,34.27272727
05-09-2018 13:45,13426,18,47.14370075,35.54545455
05-09-2018 14:00,13302,16,47.14426584,35.72727273
05-09-2018 14:15,13170,15,47.23835411,36
05-09-2018 14:30,13085,16,47.15929736,34.90909091
05-09-2018 14:45,12975,16,47.16443972,34.18181818
05-09-2018 15:00,12873,16,47.16506133,35.27272727
05-09-2018 15:15,12659,15,47.16438321,34.16666667
05-09-2018 15:30,12523,15,47.16494831,33.81818182
05-09-2018 15:45,12338,15,47.16596548,34.54545455
05-09-2018 16:00,12174,15,47.16500482,33.63636364
05-09-2018 16:15,12017,14,47.16460925,33.81818182
05-09-2018 16:30,11816,15,47.16483529,34.27272727
05-09-2018 16:45,11575,15,47.16556991,35
05-09-2018 17:00,11271,14,47.16223585,34.63636364
05-09-2018 17:15,10906,12,47.15624585,34.27272727
05-09-2018 17:30,10517,13,47.14562207,33.90909091
05-09-2018 17:45,10103,12,47.13646754,35.18181818
05-09-2018 18:00,9733,11,47.12985593,35.36363636
05-09-2018 18:15,9493,11,47.14822151,33.81818182
05-09-2018 18:30,9292,11,47.17240756,35.72727273
05-09-2018 18:45,9106,11,47.18263577,35.63636364
05-09-2018 19:00,8966,12,47.19371163,35.54545455
05-09-2018 19:15,8870,9,47.20902569,35.09090909
05-09-2018 19:30,8767,9,47.21851928,35.72727273
05-09-2018 19:45,8700,10,47.22614806,34.36363636
05-09-2018 20:00,8655,9,47.23999288,33.90909091
05-09-2018 20:15,8640,9,47.25666317,35.18181818
05-09-2018 20:30,8616,10,47.2711296,33.63636364
05-09-2018 20:45,8577,10,47.27570686,33.27272727
05-09-2018 21:00,8543,10,47.27723262,33.63636364
05-09-2018 21:15,8535,11,47.28231847,33.54545455
05-09-2018 21:30,8505,11,47.28757385,33.72727273
05-09-2018 21:45,8499,11,47.28740432,33.54545455
05-09-2018 22:00,8474,9,47.28757385,33.72727273
05-09-2018 22:15,8438,9,47.28768687,33.54545455
05-09-2018 22:30,8421,12,47.28746083,33.45454545
05-09-2018 22:45,8402,11,47.28664517,35.54545455
05-09-2018 23:00,8395,11,47.2868147,34.54545455
05-09-2018 23:15,8412,11,47.28788839,33.90909091
05-09-2018 23:30,8427,12,47.28822745,35.63636364
05-09-2018 23:45,8480,11,47.28788839,35.09090909
06-09-2018 03:30,15990,15,47.22521882,33.63636364
06-09-2018 03:45,15990,17,47.27732102,33.81818182
06-09-2018 04:00,15990,21,47.20820932,35.36363636
06-09-2018 04:15,15990,28,47.20719214,34.09090909
06-09-2018 04:30,15990,46,47.21476447,35.45454545
06-09-2018 04:45,15990,50,47.2166293,35.45454545
06-09-2018 05:00,15990,59,47.41345356,35.54545455
06-09-2018 05:15,15990,53,47.66618256,36.09090909
06-09-2018 05:30,15990,40,47.40642287,36.45454545
06-09-2018 05:45,15990,32,47.41241298,34.81818182
06-09-2018 06:00,15990,25,47.4006588,35.18181818
06-09-2018 06:15,15990,22,47.52814087,35.27272727
06-09-2018 06:30,15990,30,47.43190329,33.90909091
06-09-2018 06:45,15950,29,47.5176299,34.18181818
06-09-2018 08:00,15902,27,47.4899397,34.63636364
06-09-2018 08:15,15842,25,47.29000514,33.36363636
06-09-2018 08:30,15805,38,47.38847341,33.54545455
06-09-2018 08:45,15796,37,47.27652582,34
06-09-2018 09:00,15793,22,47.5109885,35.72727273
06-09-2018 09:15,15791,21,47.43317333,35.27272727
06-09-2018 09:30,15867,20,47.40525707,35.90909091
06-09-2018 09:45,15635,17,47.46736228,34.72727273
06-09-2018 10:00,15756,20,47.51110152,34.90909091
06-09-2018 10:15,15840,21,47.47849487,36
06-09-2018 10:30,15764,23,47.47589538,34.27272727
06-09-2018 10:45,15838,20,47.487141,34.54545455
06-09-2018 11:00,15597,23,47.64143133,35.72727273
06-09-2018 11:15,15592,25,47.47054226,35.27272727
06-09-2018 11:30,15533,29,47.37017884,34.18181818
06-09-2018 11:45,15447,32,47.26744196,35.81818182
06-09-2018 12:00,15099,28,47.26648127,34.72727273
06-09-2018 12:15,15000,25,47.18442739,35.09090909
06-09-2018 12:30,14266,20,47.18442739,35.81818182
06-09-2018 13:30,13500,21,47.27919623,36.45454545
06-09-2018 13:45,13380,18,47.17770374,34.63636364
06-09-2018 14:00,13333,16,47.18437209,35.18181818
06-09-2018 14:15,13130,16,47.18889301,34.27272727
06-09-2018 14:30,12998,17,47.24451766,35.54545455
06-09-2018 14:45,12885,15,47.1888365,35.09090909
06-09-2018 15:00,12787,15,47.19064486,35.63636364
06-09-2018 15:15,12637,14,47.18844092,35.90909091
06-09-2018 15:30,12490,15,47.2439917,35.90909091
06-09-2018 15:45,12280,15,47.18861045,33.36363636
06-09-2018 16:00,12105,15,47.19234021,35.36363636
06-09-2018 16:15,11955,14,47.18595441,34.27272727
06-09-2018 16:30,11812,15,47.24958634,35.27272727
06-09-2018 16:45,11560,14,47.19460067,34.72727273
06-09-2018 17:00,11290,15,47.19454416,34.90909091
06-09-2018 17:15,10887,12,47.19488322,35
06-09-2018 17:30,10509,11,47.24099659,34.54545455
06-09-2018 17:45,10127,12,47.1864065,34.45454545
06-09-2018 18:00,9809,11,47.18329837,34.54545455
06-09-2018 18:15,9532,10,47.1849372,34.45454545
06-09-2018 18:30,9286,11,47.25082959,34.72727273
06-09-2018 18:45,9123,14,47.3276852,35
06-09-2018 19:00,9007,13,47.22850755,35.81818182
06-09-2018 19:15,8896,11,47.25009494,35.90909091
06-09-2018 19:30,8793,13,47.36468834,34.36363636
06-09-2018 19:45,8731,9,47.26676583,35.36363636
06-09-2018 20:00,8692,11,47.28015905,35.54545455
06-09-2018 20:15,8642,9,47.27874626,36
06-09-2018 20:30,8617,10,47.34028726,34.63636364
06-09-2018 20:45,8584,11,47.3424347,33.18181818
06-09-2018 21:00,8552,12,47.35288932,35.18181818
06-09-2018 21:15,8549,9,47.34068284,34.54545455
06-09-2018 21:30,8511,14,47.41341311,35.09090909
06-09-2018 21:45,8481,12,47.41573008,34.18181818
06-09-2018 22:00,8440,12,47.36034883,34.09090909
06-09-2018 22:15,8436,9,47.30180294,34.36363636
06-09-2018 22:30,8456,12,47.41454334,34.63636364
06-09-2018 22:45,8450,10,47.35989674,34.63636364
06-09-2018 23:00,8447,10,47.35797535,34.36363636
06-09-2018 23:15,8400,10,47.36080093,34.36363636
06-09-2018 23:30,8426,12,47.41589962,34.54545455
06-09-2018 23:45,8465,10,47.30411991,34.36363636
07-09-2018 00:00,8496,11,47.30395038,35.54545455
